# Name of benchmark/experiment: Benchmark 2 (un-tuned, obliquity 23.5)
# Code: Shields-Bitz EBM, version 1.1.0
# Case number: 0
# Instellation (S_earth): 1.0000
# XCO2 (ppm): 280.0
# Obliquity (degrees): 23.5
# Cells have equal area. Asurf and ATOA are the same (no atmosphere) and are unweighted time means.
#
# Columns of data (annually averaged for last orbit)
# Lat Tsurf Asurf ATOA OLR
 -82.598  277.235 0.2581 0.2581  211.839
 -77.161  278.512 0.2535 0.2535  214.506
 -73.402  279.780 0.2481 0.2481  217.156
 -70.333  281.036 0.2413 0.2413  219.783
 -67.668  282.280 0.2298 0.2298  222.382
 -65.276  283.508 0.2250 0.2250  224.947
 -63.083  284.715 0.2250 0.2250  227.472
 -61.045  285.899 0.2250 0.2250  229.946
 -59.130  287.058 0.2250 0.2250  232.367
 -57.317  288.188 0.2250 0.2250  234.730
 -55.588  289.291 0.2250 0.2250  237.035
 -53.933  290.365 0.2250 0.2250  239.280
 -52.342  291.411 0.2250 0.2250  241.465
 -50.805  292.428 0.2250 0.2250  243.590
 -49.317  293.416 0.2250 0.2250  245.657
 -47.874  294.377 0.2250 0.2250  247.665
 -46.469  295.310 0.2250 0.2250  249.615
 -45.099  296.217 0.2250 0.2250  251.509
 -43.762  297.096 0.2250 0.2250  253.347
 -42.454  297.949 0.2250 0.2250  255.130
 -41.173  298.777 0.2250 0.2250  256.859
 -39.916  299.578 0.2250 0.2250  258.535
 -38.682  300.355 0.2250 0.2250  260.159
 -37.469  301.107 0.2250 0.2250  261.731
 -36.275  301.835 0.2250 0.2250  263.252
 -35.100  302.539 0.2250 0.2250  264.724
 -33.941  303.220 0.2250 0.2250  266.146
 -32.797  303.877 0.2250 0.2250  267.520
 -31.668  304.512 0.2250 0.2250  268.846
 -30.553  305.123 0.2250 0.2250  270.124
 -29.450  305.713 0.2250 0.2250  271.357
 -28.359  306.280 0.2250 0.2250  272.543
 -27.280  306.826 0.2250 0.2250  273.683
 -26.210  307.350 0.2250 0.2250  274.779
 -25.151  307.853 0.2250 0.2250  275.830
 -24.100  308.335 0.2250 0.2250  276.838
 -23.058  308.797 0.2250 0.2250  277.801
 -22.024  309.237 0.2250 0.2250  278.722
 -20.998  309.657 0.2250 0.2250  279.600
 -19.978  310.057 0.2250 0.2250  280.436
 -18.966  310.437 0.2250 0.2250  281.229
 -17.959  310.797 0.2250 0.2250  281.981
 -16.958  311.137 0.2250 0.2250  282.692
 -15.962  311.457 0.2250 0.2250  283.362
 -14.971  311.758 0.2250 0.2250  283.991
 -13.985  312.040 0.2250 0.2250  284.579
 -13.003  312.302 0.2250 0.2250  285.128
 -12.025  312.545 0.2250 0.2250  285.636
 -11.050  312.769 0.2250 0.2250  286.104
 -10.079  312.974 0.2250 0.2250  286.533
  -9.110  313.160 0.2250 0.2250  286.922
  -8.144  313.328 0.2250 0.2250  287.272
  -7.181  313.476 0.2250 0.2250  287.582
  -6.219  313.606 0.2250 0.2250  287.854
  -5.259  313.718 0.2250 0.2250  288.086
  -4.301  313.810 0.2250 0.2250  288.280
  -3.344  313.884 0.2250 0.2250  288.435
  -2.388  313.940 0.2250 0.2250  288.551
  -1.433  313.977 0.2250 0.2250  288.628
  -0.477  313.995 0.2250 0.2250  288.667
   0.477  313.995 0.2250 0.2250  288.667
   1.433  313.977 0.2250 0.2250  288.628
   2.388  313.940 0.2250 0.2250  288.551
   3.344  313.884 0.2250 0.2250  288.435
   4.301  313.810 0.2250 0.2250  288.280
   5.259  313.718 0.2250 0.2250  288.086
   6.219  313.606 0.2250 0.2250  287.854
   7.181  313.476 0.2250 0.2250  287.582
   8.144  313.328 0.2250 0.2250  287.272
   9.110  313.160 0.2250 0.2250  286.922
  10.079  312.974 0.2250 0.2250  286.533
  11.050  312.769 0.2250 0.2250  286.104
  12.025  312.545 0.2250 0.2250  285.636
  13.003  312.302 0.2250 0.2250  285.128
  13.985  312.040 0.2250 0.2250  284.579
  14.971  311.758 0.2250 0.2250  283.991
  15.962  311.457 0.2250 0.2250  283.362
  16.958  311.137 0.2250 0.2250  282.692
  17.959  310.797 0.2250 0.2250  281.981
  18.966  310.437 0.2250 0.2250  281.229
  19.978  310.057 0.2250 0.2250  280.436
  20.998  309.657 0.2250 0.2250  279.600
  22.024  309.237 0.2250 0.2250  278.722
  23.058  308.797 0.2250 0.2250  277.801
  24.100  308.335 0.2250 0.2250  276.838
  25.151  307.853 0.2250 0.2250  275.830
  26.210  307.350 0.2250 0.2250  274.779
  27.280  306.826 0.2250 0.2250  273.683
  28.359  306.280 0.2250 0.2250  272.543
  29.450  305.713 0.2250 0.2250  271.357
  30.553  305.123 0.2250 0.2250  270.124
  31.668  304.512 0.2250 0.2250  268.846
  32.797  303.877 0.2250 0.2250  267.520
  33.941  303.220 0.2250 0.2250  266.146
  35.100  302.539 0.2250 0.2250  264.724
  36.275  301.835 0.2250 0.2250  263.252
  37.469  301.107 0.2250 0.2250  261.731
  38.682  300.355 0.2250 0.2250  260.159
  39.916  299.578 0.2250 0.2250  258.535
  41.173  298.777 0.2250 0.2250  256.859
  42.454  297.949 0.2250 0.2250  255.130
  43.762  297.096 0.2250 0.2250  253.347
  45.099  296.217 0.2250 0.2250  251.509
  46.469  295.310 0.2250 0.2250  249.615
  47.874  294.377 0.2250 0.2250  247.665
  49.317  293.416 0.2250 0.2250  245.657
  50.805  292.428 0.2250 0.2250  243.590
  52.342  291.411 0.2250 0.2250  241.465
  53.933  290.365 0.2250 0.2250  239.280
  55.588  289.291 0.2250 0.2250  237.035
  57.317  288.188 0.2250 0.2250  234.730
  59.130  287.058 0.2250 0.2250  232.367
  61.045  285.899 0.2250 0.2250  229.946
  63.083  284.715 0.2250 0.2250  227.472
  65.276  283.508 0.2250 0.2250  224.947
  67.668  282.280 0.2298 0.2298  222.382
  70.333  281.036 0.2413 0.2413  219.783
  73.402  279.780 0.2481 0.2481  217.156
  77.161  278.512 0.2535 0.2535  214.506
  82.598  277.235 0.2581 0.2581  211.839
