# Name of benchmark/experiment: Experiment 1 (G dwarf, warm start)
# Code: Shields-Bitz EBM (EBM_one_file.py, https://github.com/astrovidee/EBM), version 1.1.0
# Grid: 120 cells of equal area (evenly spaced in sin latitude). Global means are plain means over cells.
# Surfaces: separate land and ocean temperatures at each latitude; thermodynamic sea ice.
# Albedo: the model's own stellar-weighted values for a G star (ocean 0.319, land 0.415, ice 0.514), not the
#   protocol's 0.2/0.3/0.6, with a zenith-angle term on ice-free surfaces that follows the star's
#   declination (zenithflag = 1). The model has no atmosphere, so Asurf and ATOA are the same. Both are
#   unweighted time means over the final orbit.
# Longwave: A + B*T with T in deg C. No CO2 term (see the Experiment 4 header for how CO2 is handled there).
# Sea ice has no heat capacity in this model (the protocol lists 1e7 J m^-2 K^-1).
# Every case starts from the prescribed warm or cold state. No case continues from another.
#   Warm start: 7.5 + 20*(1 - 2*sin(lat)^2) deg C. Cold start: 40 deg C colder, with 2 m of sea ice.
# Run length: 100 orbits of 360 steps; a case whose global mean still changed by more than
#   0.01 K over its final orbit was rerun for 400 orbits.
# Diffusion: constant D. Heat capacities: land 1e+07, ocean 4e+08 J m^-2 K^-1.
# Land: Fillet. Instellation unit: 1361 W m^-2.
# Convergence: largest change in Tglob over the final orbit 1.7e-02 K; largest north-south difference in annual-mean temperature 2.3e-01 K; 8 of 190 cases rerun for longer.
# Describe how ice line latitude is determined: from the model's own ice. Sea: sea ice thickness above zero
#   for at least half of the final orbit. Land: land temperature at or below -2 C, where the land albedo
#   switches to ice, for at least half of the final orbit. Edges lie on the boundaries between cells.
# Ice-free convention: NMax = NMin = 90 and SMax = SMin = -90.
#
# Columns: Inst (S_earth), Obl (deg), XCO2 (ppm), Tglob (K), ice edges (deg), Diff (W m^-2 K^-1), OLRglob (W m^-2)
# Case Inst Obl XCO2 Tglob IceLineNMaxLand IceLineNMinLand IceLineNMaxSea IceLineNMinSea IceLineSMaxLand IceLineSMinLand IceLineSMaxSea IceLineSMinSea Diff OLRglob
0 0.8000 0.0 280.0000 240.080 90.00 0.00 90.00 0.00 0.00 -90.00 0.00 -90.00 0.500 134.183
1 0.8000 10.0 280.0000 240.067 90.00 0.00 90.00 0.00 0.00 -90.00 0.00 -90.00 0.500 134.157
2 0.8000 20.0 280.0000 240.065 90.00 0.00 90.00 0.00 0.00 -90.00 0.00 -90.00 0.500 134.152
3 0.8000 30.0 280.0000 240.083 90.00 0.00 90.00 0.00 0.00 -90.00 0.00 -90.00 0.500 134.190
4 0.8000 40.0 280.0000 240.181 90.00 0.00 90.00 0.00 0.00 -90.00 0.00 -90.00 0.500 134.394
5 0.8000 50.0 280.0000 240.359 90.00 0.00 90.00 0.00 0.00 -90.00 0.00 -90.00 0.500 134.767
6 0.8000 60.0 280.0000 240.505 90.00 0.00 90.00 0.00 0.00 -90.00 0.00 -90.00 0.500 135.072
7 0.8000 70.0 280.0000 240.695 90.00 0.00 90.00 0.00 0.00 -90.00 0.00 -90.00 0.500 135.469
8 0.8000 80.0 280.0000 240.882 90.00 0.00 90.00 0.00 0.00 -90.00 0.00 -90.00 0.500 135.860
9 0.8000 90.0 280.0000 240.921 90.00 0.00 90.00 0.00 0.00 -90.00 0.00 -90.00 0.500 135.942
10 0.8250 0.0 280.0000 242.040 90.00 0.00 90.00 0.00 0.00 -90.00 0.00 -90.00 0.500 138.280
11 0.8250 10.0 280.0000 242.026 90.00 0.00 90.00 0.00 0.00 -90.00 0.00 -90.00 0.500 138.251
12 0.8250 20.0 280.0000 242.023 90.00 0.00 90.00 0.00 0.00 -90.00 0.00 -90.00 0.500 138.244
13 0.8250 30.0 280.0000 242.058 90.00 0.00 90.00 0.00 0.00 -90.00 0.00 -90.00 0.500 138.318
14 0.8250 40.0 280.0000 242.183 90.00 0.00 90.00 0.00 0.00 -90.00 0.00 -90.00 0.500 138.578
15 0.8250 50.0 280.0000 242.380 90.00 0.00 90.00 0.00 0.00 -90.00 0.00 -90.00 0.500 138.991
16 0.8250 60.0 280.0000 242.550 90.00 0.00 90.00 0.00 0.00 -90.00 0.00 -90.00 0.500 139.346
17 0.8250 70.0 280.0000 242.669 90.00 0.00 90.00 0.00 0.00 -90.00 0.00 -90.00 0.500 139.595
18 0.8250 80.0 280.0000 242.954 90.00 0.00 90.00 0.00 0.00 -90.00 0.00 -90.00 0.500 140.191
19 0.8250 90.0 280.0000 243.037 90.00 0.00 90.00 0.00 0.00 -90.00 0.00 -90.00 0.500 140.364
20 0.8500 0.0 280.0000 244.006 90.00 0.00 90.00 0.00 0.00 -90.00 0.00 -90.00 0.500 142.389
21 0.8500 10.0 280.0000 243.989 90.00 0.00 90.00 0.00 0.00 -90.00 0.00 -90.00 0.500 142.353
22 0.8500 20.0 280.0000 243.982 90.00 0.00 90.00 0.00 0.00 -90.00 0.00 -90.00 0.500 142.340
23 0.8500 30.0 280.0000 244.040 90.00 0.00 90.00 0.00 0.00 -90.00 0.00 -90.00 0.500 142.460
24 0.8500 40.0 280.0000 244.197 90.00 0.00 90.00 0.00 0.00 -90.00 0.00 -90.00 0.500 142.787
25 0.8500 50.0 280.0000 244.409 90.00 0.00 90.00 0.00 0.00 -90.00 0.00 -90.00 0.500 143.231
26 0.8500 60.0 280.0000 244.695 90.00 0.00 90.00 0.00 0.00 -90.00 0.00 -90.00 0.500 143.829
27 0.8500 70.0 280.0000 245.229 90.00 0.00 90.00 0.00 0.00 -90.00 0.00 -90.00 0.500 144.944
28 0.8500 80.0 280.0000 245.617 90.00 0.00 90.00 0.00 0.00 -90.00 0.00 -90.00 0.500 145.756
29 0.8500 90.0 280.0000 245.561 90.00 0.00 90.00 0.00 0.00 -90.00 0.00 -90.00 0.500 145.640
30 0.8750 0.0 280.0000 246.010 90.00 0.00 90.00 0.00 0.00 -90.00 0.00 -90.00 0.500 146.578
31 0.8750 10.0 280.0000 245.967 90.00 0.00 90.00 0.00 0.00 -90.00 0.00 -90.00 0.500 146.488
32 0.8750 20.0 280.0000 245.949 90.00 0.00 90.00 0.00 0.00 -90.00 0.00 -90.00 0.500 146.450
33 0.8750 30.0 280.0000 246.032 90.00 0.00 90.00 0.00 0.00 -90.00 0.00 -90.00 0.500 146.624
34 0.8750 40.0 280.0000 246.226 90.00 0.00 90.00 0.00 0.00 -90.00 0.00 -90.00 0.500 147.029
35 0.8750 50.0 280.0000 246.448 90.00 0.00 90.00 0.00 0.00 -90.00 0.00 -90.00 0.500 147.493
36 0.8750 60.0 280.0000 274.435 90.00 0.00 90.00 90.00 0.00 -90.00 -90.00 -90.00 0.500 205.985
37 0.8750 70.0 280.0000 247.655 90.00 0.00 90.00 0.00 0.00 -90.00 0.00 -90.00 0.500 150.015
38 0.8750 80.0 280.0000 247.987 90.00 0.00 90.00 0.00 0.00 -90.00 0.00 -90.00 0.500 150.710
39 0.8750 90.0 280.0000 248.134 90.00 0.00 79.52 0.00 0.00 -90.00 0.00 -79.52 0.500 151.017
40 0.9000 0.0 280.0000 268.361 90.00 28.90 90.00 32.23 -28.90 -90.00 -32.23 -90.00 0.500 193.290
41 0.9000 10.0 280.0000 247.527 90.00 0.00 90.00 0.00 0.00 -90.00 0.00 -90.00 0.500 149.748
42 0.9000 20.0 280.0000 247.955 90.00 0.00 90.00 0.00 0.00 -90.00 0.00 -90.00 0.500 150.643
43 0.9000 30.0 280.0000 248.050 90.00 0.00 90.00 0.00 0.00 -90.00 0.00 -90.00 0.500 150.841
44 0.9000 40.0 280.0000 248.273 90.00 0.00 90.00 0.00 0.00 -90.00 0.00 -90.00 0.500 151.307
45 0.9000 50.0 280.0000 248.534 90.00 0.00 90.00 0.00 0.00 -90.00 0.00 -90.00 0.500 151.853
46 0.9000 60.0 280.0000 277.438 90.00 90.00 90.00 90.00 -90.00 -90.00 -90.00 -90.00 0.500 212.262
47 0.9000 70.0 280.0000 277.226 9.59 0.00 90.00 90.00 0.00 -9.59 -90.00 -90.00 0.500 211.819
48 0.9000 80.0 280.0000 250.886 90.00 0.00 75.16 0.00 0.00 -90.00 0.00 -75.16 0.500 156.768
49 0.9000 90.0 280.0000 251.079 90.00 0.00 71.81 0.00 0.00 -90.00 0.00 -71.81 0.500 157.171
50 0.9250 0.0 280.0000 273.970 90.00 36.87 90.00 39.30 -36.87 -90.00 -39.30 -90.00 0.500 205.013
51 0.9250 10.0 280.0000 272.270 90.00 34.52 90.00 35.69 -34.52 -90.00 -35.69 -90.00 0.500 201.461
52 0.9250 20.0 280.0000 269.420 90.00 30.00 90.00 30.00 -30.00 -90.00 -30.00 -90.00 0.500 195.505
53 0.9250 30.0 280.0000 250.204 90.00 0.00 90.00 0.00 0.00 -90.00 0.00 -90.00 0.500 155.342
54 0.9250 40.0 280.0000 250.344 90.00 0.00 90.00 0.00 0.00 -90.00 0.00 -90.00 0.500 155.635
55 0.9250 50.0 280.0000 280.324 90.00 64.16 90.00 90.00 -64.16 -90.00 -90.00 -90.00 0.500 218.294
56 0.9250 60.0 280.0000 280.315 90.00 90.00 90.00 90.00 -90.00 -90.00 -90.00 -90.00 0.500 218.274
57 0.9250 70.0 280.0000 280.147 90.00 90.00 90.00 90.00 -90.00 -90.00 -90.00 -90.00 0.500 217.924
58 0.9250 80.0 280.0000 279.839 5.74 0.00 90.00 90.00 0.00 -5.74 -90.00 -90.00 0.500 217.280
59 0.9250 90.0 280.0000 279.598 10.56 0.00 90.00 90.00 0.00 -10.56 -90.00 -90.00 0.500 216.777
60 0.9500 0.0 280.0000 278.393 90.00 41.81 90.00 44.43 -41.81 -90.00 -44.43 -90.00 0.500 214.259
61 0.9500 10.0 280.0000 277.330 90.00 40.54 90.00 41.81 -40.54 -90.00 -41.81 -90.00 0.500 212.037
62 0.9500 20.0 280.0000 276.044 90.00 39.30 90.00 39.30 -39.30 -90.00 -39.30 -90.00 0.500 209.348
63 0.9500 30.0 280.0000 274.566 90.00 38.07 90.00 38.07 -38.07 -90.00 -38.07 -90.00 0.500 206.259
64 0.9500 40.0 280.0000 272.894 90.00 36.87 90.00 36.87 -36.87 -90.00 -36.87 -90.00 0.500 202.764
65 0.9500 50.0 280.0000 283.152 90.00 90.00 90.00 90.00 -90.00 -90.00 -90.00 -90.00 0.500 224.205
66 0.9500 60.0 280.0000 283.145 90.00 90.00 90.00 90.00 -90.00 -90.00 -90.00 -90.00 0.500 224.190
67 0.9500 70.0 280.0000 282.990 90.00 90.00 90.00 90.00 -90.00 -90.00 -90.00 -90.00 0.500 223.866
68 0.9500 80.0 280.0000 282.698 90.00 90.00 90.00 90.00 -90.00 -90.00 -90.00 -90.00 0.500 223.256
69 0.9500 90.0 280.0000 282.464 90.00 90.00 90.00 90.00 -90.00 -90.00 -90.00 -90.00 0.500 222.767
70 0.9750 0.0 280.0000 282.289 90.00 45.78 90.00 48.59 -45.78 -90.00 -48.59 -90.00 0.500 222.400
71 0.9750 10.0 280.0000 281.657 90.00 45.78 90.00 47.17 -45.78 -90.00 -47.17 -90.00 0.500 221.079
72 0.9750 20.0 280.0000 280.877 90.00 45.78 90.00 45.78 -45.78 -90.00 -45.78 -90.00 0.500 219.450
73 0.9750 30.0 280.0000 280.479 90.00 47.17 90.00 47.17 -47.17 -90.00 -47.17 -90.00 0.500 218.618
74 0.9750 40.0 280.0000 285.356 90.00 62.05 90.00 90.00 -62.05 -90.00 -90.00 -90.00 0.500 228.810
75 0.9750 50.0 280.0000 285.973 90.00 90.00 90.00 90.00 -90.00 -90.00 -90.00 -90.00 0.500 230.100
76 0.9750 60.0 280.0000 285.959 90.00 90.00 90.00 90.00 -90.00 -90.00 -90.00 -90.00 0.500 230.071
77 0.9750 70.0 280.0000 285.804 90.00 90.00 90.00 90.00 -90.00 -90.00 -90.00 -90.00 0.500 229.748
78 0.9750 80.0 280.0000 285.516 90.00 90.00 90.00 90.00 -90.00 -90.00 -90.00 -90.00 0.500 229.144
79 0.9750 90.0 280.0000 285.281 90.00 90.00 90.00 90.00 -90.00 -90.00 -90.00 -90.00 0.500 228.654
80 1.0000 0.0 280.0000 286.089 90.00 50.06 90.00 53.13 -50.06 -90.00 -53.13 -90.00 0.500 230.343
81 1.0000 10.0 280.0000 285.499 90.00 50.06 90.00 51.57 -50.06 -90.00 -51.57 -90.00 0.500 229.108
82 1.0000 20.0 280.0000 285.056 90.00 50.06 90.00 51.57 -50.06 -90.00 -51.57 -90.00 0.500 228.184
83 1.0000 30.0 280.0000 285.297 90.00 53.13 90.00 56.44 -53.13 -90.00 -56.44 -90.00 0.500 228.688
84 1.0000 40.0 280.0000 288.716 90.00 75.16 90.00 90.00 -75.16 -90.00 -90.00 -90.00 0.500 235.832
85 1.0000 50.0 280.0000 288.792 90.00 90.00 90.00 90.00 -90.00 -90.00 -90.00 -90.00 0.500 235.991
86 1.0000 60.0 280.0000 288.778 90.00 90.00 90.00 90.00 -90.00 -90.00 -90.00 -90.00 0.500 235.963
87 1.0000 70.0 280.0000 288.615 90.00 90.00 90.00 90.00 -90.00 -90.00 -90.00 -90.00 0.500 235.623
88 1.0000 80.0 280.0000 288.321 90.00 90.00 90.00 90.00 -90.00 -90.00 -90.00 -90.00 0.500 235.006
89 1.0000 90.0 280.0000 288.082 90.00 90.00 90.00 90.00 -90.00 -90.00 -90.00 -90.00 0.500 234.509
90 1.0250 0.0 280.0000 289.488 90.00 54.75 90.00 56.44 -54.75 -90.00 -56.44 -90.00 0.500 237.446
91 1.0250 10.0 280.0000 289.064 90.00 53.13 90.00 54.75 -53.13 -90.00 -54.75 -90.00 0.500 236.561
92 1.0250 20.0 280.0000 288.840 90.00 54.75 90.00 56.44 -54.75 -90.00 -56.44 -90.00 0.500 236.092
93 1.0250 30.0 280.0000 289.614 90.00 60.07 90.00 64.16 -60.07 -90.00 -64.16 -90.00 0.500 237.709
94 1.0250 40.0 280.0000 291.534 90.00 90.00 90.00 90.00 -90.00 -90.00 -90.00 -90.00 0.500 241.723
95 1.0250 50.0 280.0000 291.612 90.00 90.00 90.00 90.00 -90.00 -90.00 -90.00 -90.00 0.500 241.886
96 1.0250 60.0 280.0000 291.601 90.00 90.00 90.00 90.00 -90.00 -90.00 -90.00 -90.00 0.500 241.862
97 1.0250 70.0 280.0000 291.434 90.00 90.00 90.00 90.00 -90.00 -90.00 -90.00 -90.00 0.500 241.513
98 1.0250 80.0 280.0000 291.128 90.00 90.00 90.00 90.00 -90.00 -90.00 -90.00 -90.00 0.500 240.873
99 1.0250 90.0 280.0000 290.882 90.00 90.00 90.00 90.00 -90.00 -90.00 -90.00 -90.00 0.500 240.360
100 1.0500 0.0 280.0000 292.553 90.00 56.44 90.00 58.21 -56.44 -90.00 -58.21 -90.00 0.500 243.852
101 1.0500 10.0 280.0000 292.524 90.00 58.21 90.00 58.21 -58.21 -90.00 -58.21 -90.00 0.500 243.793
102 1.0500 20.0 280.0000 292.424 90.00 60.07 90.00 62.05 -60.07 -90.00 -62.05 -90.00 0.500 243.583
103 1.0500 30.0 280.0000 294.063 90.00 71.81 90.00 90.00 -71.81 -90.00 -90.00 -90.00 0.500 247.008
104 1.0500 40.0 280.0000 294.353 90.00 90.00 90.00 90.00 -90.00 -90.00 -90.00 -90.00 0.500 247.614
105 1.0500 50.0 280.0000 294.435 90.00 90.00 90.00 90.00 -90.00 -90.00 -90.00 -90.00 0.500 247.786
106 1.0500 60.0 280.0000 294.423 90.00 90.00 90.00 90.00 -90.00 -90.00 -90.00 -90.00 0.500 247.761
107 1.0500 70.0 280.0000 294.252 90.00 90.00 90.00 90.00 -90.00 -90.00 -90.00 -90.00 0.500 247.404
108 1.0500 80.0 280.0000 293.939 90.00 90.00 90.00 90.00 -90.00 -90.00 -90.00 -90.00 0.500 246.748
109 1.0500 90.0 280.0000 293.687 90.00 90.00 90.00 90.00 -90.00 -90.00 -90.00 -90.00 0.500 246.222
110 1.0750 0.0 280.0000 295.870 90.00 60.07 90.00 62.05 -60.07 -90.00 -62.05 -90.00 0.500 250.785
111 1.0750 10.0 280.0000 295.830 90.00 62.05 90.00 62.05 -62.05 -90.00 -62.05 -90.00 0.500 250.701
112 1.0750 20.0 280.0000 295.882 90.00 64.16 90.00 66.44 -64.16 -90.00 -66.44 -90.00 0.500 250.810
113 1.0750 30.0 280.0000 297.068 90.00 79.52 90.00 90.00 -79.52 -90.00 -90.00 -90.00 0.500 253.289
114 1.0750 40.0 280.0000 297.172 90.00 90.00 90.00 90.00 -90.00 -90.00 -90.00 -90.00 0.500 253.507
115 1.0750 50.0 280.0000 297.258 90.00 90.00 90.00 90.00 -90.00 -90.00 -90.00 -90.00 0.500 253.686
116 1.0750 60.0 280.0000 297.246 90.00 90.00 90.00 90.00 -90.00 -90.00 -90.00 -90.00 0.500 253.660
117 1.0750 70.0 280.0000 297.071 90.00 90.00 90.00 90.00 -90.00 -90.00 -90.00 -90.00 0.500 253.294
118 1.0750 80.0 280.0000 296.750 90.00 90.00 90.00 90.00 -90.00 -90.00 -90.00 -90.00 0.500 252.623
119 1.0750 90.0 280.0000 296.492 90.00 90.00 90.00 90.00 -90.00 -90.00 -90.00 -90.00 0.500 252.085
120 1.1000 0.0 280.0000 299.120 90.00 64.16 90.00 66.44 -64.16 -90.00 -66.44 -90.00 0.500 257.577
121 1.1000 10.0 280.0000 298.963 90.00 64.16 90.00 66.44 -64.16 -90.00 -66.44 -90.00 0.500 257.249
122 1.1000 20.0 280.0000 299.193 90.00 68.96 90.00 71.81 -68.96 -90.00 -71.81 -90.00 0.500 257.730
123 1.1000 30.0 280.0000 299.885 90.00 90.00 90.00 90.00 -90.00 -90.00 -90.00 -90.00 0.500 259.175
124 1.1000 40.0 280.0000 299.993 90.00 90.00 90.00 90.00 -90.00 -90.00 -90.00 -90.00 0.500 259.402
125 1.1000 50.0 280.0000 300.081 90.00 90.00 90.00 90.00 -90.00 -90.00 -90.00 -90.00 0.500 259.585
126 1.1000 60.0 280.0000 300.068 90.00 90.00 90.00 90.00 -90.00 -90.00 -90.00 -90.00 0.500 259.559
127 1.1000 70.0 280.0000 299.889 90.00 90.00 90.00 90.00 -90.00 -90.00 -90.00 -90.00 0.500 259.185
128 1.1000 80.0 280.0000 299.561 90.00 90.00 90.00 90.00 -90.00 -90.00 -90.00 -90.00 0.500 258.498
129 1.1000 90.0 280.0000 299.297 90.00 90.00 90.00 90.00 -90.00 -90.00 -90.00 -90.00 0.500 257.947
130 1.1250 0.0 280.0000 302.118 90.00 66.44 90.00 68.96 -66.44 -90.00 -68.96 -90.00 0.500 263.843
131 1.1250 10.0 280.0000 302.085 90.00 68.96 90.00 68.96 -68.96 -90.00 -68.96 -90.00 0.500 263.773
132 1.1250 20.0 280.0000 302.459 90.00 75.16 90.00 90.00 -75.16 -90.00 -90.00 -90.00 0.500 264.555
133 1.1250 30.0 280.0000 302.702 90.00 90.00 90.00 90.00 -90.00 -90.00 -90.00 -90.00 0.500 265.063
134 1.1250 40.0 280.0000 302.814 90.00 90.00 90.00 90.00 -90.00 -90.00 -90.00 -90.00 0.500 265.297
135 1.1250 50.0 280.0000 302.904 90.00 90.00 90.00 90.00 -90.00 -90.00 -90.00 -90.00 0.500 265.485
136 1.1250 60.0 280.0000 302.891 90.00 90.00 90.00 90.00 -90.00 -90.00 -90.00 -90.00 0.500 265.458
137 1.1250 70.0 280.0000 302.708 90.00 90.00 90.00 90.00 -90.00 -90.00 -90.00 -90.00 0.500 265.075
138 1.1250 80.0 280.0000 302.372 90.00 90.00 90.00 90.00 -90.00 -90.00 -90.00 -90.00 0.500 264.373
139 1.1250 90.0 280.0000 302.102 90.00 90.00 90.00 90.00 -90.00 -90.00 -90.00 -90.00 0.500 263.809
140 1.1500 0.0 280.0000 305.096 90.00 68.96 90.00 71.81 -68.96 -90.00 -71.81 -90.00 0.500 270.068
141 1.1500 10.0 280.0000 305.096 90.00 71.81 90.00 75.16 -71.81 -90.00 -75.16 -90.00 0.500 270.068
142 1.1500 20.0 280.0000 305.435 90.00 79.52 90.00 90.00 -79.52 -90.00 -90.00 -90.00 0.500 270.776
143 1.1500 30.0 280.0000 305.520 90.00 90.00 90.00 90.00 -90.00 -90.00 -90.00 -90.00 0.500 270.952
144 1.1500 40.0 280.0000 305.634 90.00 90.00 90.00 90.00 -90.00 -90.00 -90.00 -90.00 0.500 271.192
145 1.1500 50.0 280.0000 305.726 90.00 90.00 90.00 90.00 -90.00 -90.00 -90.00 -90.00 0.500 271.384
146 1.1500 60.0 280.0000 305.713 90.00 90.00 90.00 90.00 -90.00 -90.00 -90.00 -90.00 0.500 271.357
147 1.1500 70.0 280.0000 305.526 90.00 90.00 90.00 90.00 -90.00 -90.00 -90.00 -90.00 0.500 270.966
148 1.1500 80.0 280.0000 305.183 90.00 90.00 90.00 90.00 -90.00 -90.00 -90.00 -90.00 0.500 270.248
149 1.1500 90.0 280.0000 304.907 90.00 90.00 90.00 90.00 -90.00 -90.00 -90.00 -90.00 0.500 269.672
150 1.1750 0.0 280.0000 308.044 90.00 75.16 90.00 75.16 -75.16 -90.00 -75.16 -90.00 0.500 276.229
151 1.1750 10.0 280.0000 308.074 90.00 75.16 90.00 79.52 -75.16 -90.00 -79.52 -90.00 0.500 276.291
152 1.1750 20.0 280.0000 308.251 90.00 90.00 90.00 90.00 -90.00 -90.00 -90.00 -90.00 0.500 276.660
153 1.1750 30.0 280.0000 308.338 90.00 90.00 90.00 90.00 -90.00 -90.00 -90.00 -90.00 0.500 276.843
154 1.1750 40.0 280.0000 308.455 90.00 90.00 90.00 90.00 -90.00 -90.00 -90.00 -90.00 0.500 277.088
155 1.1750 50.0 280.0000 308.549 90.00 90.00 90.00 90.00 -90.00 -90.00 -90.00 -90.00 0.500 277.284
156 1.1750 60.0 280.0000 308.536 90.00 90.00 90.00 90.00 -90.00 -90.00 -90.00 -90.00 0.500 277.256
157 1.1750 70.0 280.0000 308.344 90.00 90.00 90.00 90.00 -90.00 -90.00 -90.00 -90.00 0.500 276.856
158 1.1750 80.0 280.0000 307.994 90.00 90.00 90.00 90.00 -90.00 -90.00 -90.00 -90.00 0.500 276.123
159 1.1750 90.0 280.0000 307.712 90.00 90.00 90.00 90.00 -90.00 -90.00 -90.00 -90.00 0.500 275.534
160 1.2000 0.0 280.0000 310.968 90.00 79.52 90.00 79.52 -79.52 -90.00 -79.52 -90.00 0.500 282.340
161 1.2000 10.0 280.0000 311.024 90.00 79.52 90.00 90.00 -79.52 -90.00 -90.00 -90.00 0.500 282.456
162 1.2000 20.0 280.0000 311.066 90.00 90.00 90.00 90.00 -90.00 -90.00 -90.00 -90.00 0.500 282.545
163 1.2000 30.0 280.0000 311.156 90.00 90.00 90.00 90.00 -90.00 -90.00 -90.00 -90.00 0.500 282.733
164 1.2000 40.0 280.0000 311.276 90.00 90.00 90.00 90.00 -90.00 -90.00 -90.00 -90.00 0.500 282.983
165 1.2000 50.0 280.0000 311.372 90.00 90.00 90.00 90.00 -90.00 -90.00 -90.00 -90.00 0.500 283.184
166 1.2000 60.0 280.0000 311.358 90.00 90.00 90.00 90.00 -90.00 -90.00 -90.00 -90.00 0.500 283.155
167 1.2000 70.0 280.0000 311.163 90.00 90.00 90.00 90.00 -90.00 -90.00 -90.00 -90.00 0.500 282.747
168 1.2000 80.0 280.0000 310.805 90.00 90.00 90.00 90.00 -90.00 -90.00 -90.00 -90.00 0.500 281.998
169 1.2000 90.0 280.0000 310.517 90.00 90.00 90.00 90.00 -90.00 -90.00 -90.00 -90.00 0.500 281.397
170 1.2250 0.0 280.0000 313.851 90.00 79.52 90.00 90.00 -79.52 -90.00 -90.00 -90.00 0.500 288.364
171 1.2250 10.0 280.0000 313.838 90.00 90.00 90.00 90.00 -90.00 -90.00 -90.00 -90.00 0.500 288.338
172 1.2250 20.0 280.0000 313.883 90.00 90.00 90.00 90.00 -90.00 -90.00 -90.00 -90.00 0.500 288.431
173 1.2250 30.0 280.0000 313.974 90.00 90.00 90.00 90.00 -90.00 -90.00 -90.00 -90.00 0.500 288.623
174 1.2250 40.0 280.0000 314.097 90.00 90.00 90.00 90.00 -90.00 -90.00 -90.00 -90.00 0.500 288.879
175 1.2250 50.0 280.0000 314.195 90.00 90.00 90.00 90.00 -90.00 -90.00 -90.00 -90.00 0.500 289.083
176 1.2250 60.0 280.0000 314.181 90.00 90.00 90.00 90.00 -90.00 -90.00 -90.00 -90.00 0.500 289.054
177 1.2250 70.0 280.0000 313.981 90.00 90.00 90.00 90.00 -90.00 -90.00 -90.00 -90.00 0.500 288.638
178 1.2250 80.0 280.0000 313.615 90.00 90.00 90.00 90.00 -90.00 -90.00 -90.00 -90.00 0.500 287.873
179 1.2250 90.0 280.0000 313.322 90.00 90.00 90.00 90.00 -90.00 -90.00 -90.00 -90.00 0.500 287.259
180 1.2500 0.0 280.0000 316.662 90.00 90.00 90.00 90.00 -90.00 -90.00 -90.00 -90.00 0.500 294.241
181 1.2500 10.0 280.0000 316.653 90.00 90.00 90.00 90.00 -90.00 -90.00 -90.00 -90.00 0.500 294.222
182 1.2500 20.0 280.0000 316.699 90.00 90.00 90.00 90.00 -90.00 -90.00 -90.00 -90.00 0.500 294.318
183 1.2500 30.0 280.0000 316.793 90.00 90.00 90.00 90.00 -90.00 -90.00 -90.00 -90.00 0.500 294.513
184 1.2500 40.0 280.0000 316.918 90.00 90.00 90.00 90.00 -90.00 -90.00 -90.00 -90.00 0.500 294.774
185 1.2500 50.0 280.0000 317.018 90.00 90.00 90.00 90.00 -90.00 -90.00 -90.00 -90.00 0.500 294.983
186 1.2500 60.0 280.0000 317.003 90.00 90.00 90.00 90.00 -90.00 -90.00 -90.00 -90.00 0.500 294.953
187 1.2500 70.0 280.0000 316.800 90.00 90.00 90.00 90.00 -90.00 -90.00 -90.00 -90.00 0.500 294.528
188 1.2500 80.0 280.0000 316.426 90.00 90.00 90.00 90.00 -90.00 -90.00 -90.00 -90.00 0.500 293.748
189 1.2500 90.0 280.0000 316.127 90.00 90.00 90.00 90.00 -90.00 -90.00 -90.00 -90.00 0.500 293.122
