# Name of benchmark/experiment: Experiment 3 (bifurcation, varying S, warm start)
# Code: Shields-Bitz EBM (EBM_one_file.py, https://github.com/astrovidee/EBM), version 1.1.0
# Grid: 120 cells of equal area (evenly spaced in sin latitude). Global means are plain means over cells.
# Surfaces: separate land and ocean temperatures at each latitude; thermodynamic sea ice.
# Albedo: constant surface albedos, land 0.3, ocean 0.2, ice 0.6 (protocol Table 4), with no
#   zenith-angle term. Land and ocean take the ice value at or below -2 C. The model has no atmosphere, so
#   Asurf and ATOA are the same. Both are unweighted time means over the final orbit.
# Longwave: A + B*T with T in deg C. No CO2 term (see the Experiment 4 header for how CO2 is handled there).
# Sea ice has no heat capacity in this model (the protocol lists 1e7 J m^-2 K^-1).
# Every case starts from the prescribed warm or cold state. No case continues from another.
#   Warm start: 7.5 + 20*(1 - 2*sin(lat)^2) deg C. Cold start: 40 deg C colder, with 2 m of sea ice.
# Run length: 100 orbits of 360 steps; a case whose global mean still changed by more than
#   0.01 K over its final orbit was rerun for 400 orbits.
# Diffusion: constant D. Heat capacities: land 1e+07, ocean 4e+08 J m^-2 K^-1.
# Land: Fillet. Instellation unit: 1361 W m^-2.
# Configuration: that of Benchmark 2 (untuned), so that Experiments 1 to 4 describe one model. Protocol v1.0 words
#   Experiments 3 and 4 as starting from Benchmark 1.
# Convergence: largest change in Tglob over the final orbit 7.4e-03 K; largest north-south difference in annual-mean temperature 2.0e-01 K; 1 of 57 cases rerun for longer.
# Describe how ice line latitude is determined: from the model's own ice. Sea: sea ice thickness above zero
#   for at least half of the final orbit. Land: land temperature at or below -2 C, where the land albedo
#   switches to ice, for at least half of the final orbit. Edges lie on the boundaries between cells.
# Ice-free convention: NMax = NMin = 90 and SMax = SMin = -90.
#
# Columns: Inst (S_earth), Obl (deg), XCO2 (ppm), Tglob (K), ice edges (deg), Diff (W m^-2 K^-1), OLRglob (W m^-2)
# Case Inst Obl XCO2 Tglob IceLineNMaxLand IceLineNMinLand IceLineNMaxSea IceLineNMinSea IceLineSMaxLand IceLineSMinLand IceLineSMaxSea IceLineSMinSea Diff OLRglob
0 0.8000 23.5 280.0000 228.961 90.00 0.00 90.00 0.00 0.00 -90.00 0.00 -90.00 0.500 110.946
1 0.8125 23.5 280.0000 229.770 90.00 0.00 90.00 0.00 0.00 -90.00 0.00 -90.00 0.500 112.636
2 0.8250 23.5 280.0000 230.580 90.00 0.00 90.00 0.00 0.00 -90.00 0.00 -90.00 0.500 114.329
3 0.8375 23.5 280.0000 231.391 90.00 0.00 90.00 0.00 0.00 -90.00 0.00 -90.00 0.500 116.025
4 0.8500 23.5 280.0000 232.206 90.00 0.00 90.00 0.00 0.00 -90.00 0.00 -90.00 0.500 117.726
5 0.8625 23.5 280.0000 233.025 90.00 0.00 90.00 0.00 0.00 -90.00 0.00 -90.00 0.500 119.440
6 0.8750 23.5 280.0000 233.856 90.00 0.00 90.00 0.00 0.00 -90.00 0.00 -90.00 0.500 121.176
7 0.8875 23.5 280.0000 234.718 90.00 0.00 90.00 0.00 0.00 -90.00 0.00 -90.00 0.500 122.978
8 0.9000 23.5 280.0000 234.956 90.00 0.00 90.00 0.00 0.00 -90.00 0.00 -90.00 0.500 123.475
9 0.9125 23.5 280.0000 276.678 90.00 39.30 90.00 39.30 -39.30 -90.00 -39.30 -90.00 0.500 210.673
10 0.9250 23.5 280.0000 283.651 90.00 48.59 90.00 48.59 -48.59 -90.00 -48.59 -90.00 0.500 225.247
11 0.9375 23.5 280.0000 287.929 90.00 54.75 90.00 54.75 -53.13 -90.00 -54.75 -90.00 0.500 234.188
12 0.9500 23.5 280.0000 291.474 90.00 60.07 90.00 60.07 -60.07 -90.00 -60.07 -90.00 0.500 241.597
13 0.9625 23.5 280.0000 294.696 90.00 64.16 90.00 66.44 -64.16 -90.00 -66.44 -90.00 0.500 248.331
14 0.9750 23.5 280.0000 298.858 90.00 79.52 90.00 90.00 -79.52 -90.00 -90.00 -90.00 0.500 257.029
15 0.9875 23.5 280.0000 300.450 90.00 90.00 90.00 90.00 -90.00 -90.00 -90.00 -90.00 0.500 260.357
16 1.0000 23.5 280.0000 302.037 90.00 90.00 90.00 90.00 -90.00 -90.00 -90.00 -90.00 0.500 263.674
17 1.0125 23.5 280.0000 303.620 90.00 90.00 90.00 90.00 -90.00 -90.00 -90.00 -90.00 0.500 266.983
18 1.0250 23.5 280.0000 305.201 90.00 90.00 90.00 90.00 -90.00 -90.00 -90.00 -90.00 0.500 270.286
19 1.0375 23.5 280.0000 306.779 90.00 90.00 90.00 90.00 -90.00 -90.00 -90.00 -90.00 0.500 273.585
20 1.0500 23.5 280.0000 308.357 90.00 90.00 90.00 90.00 -90.00 -90.00 -90.00 -90.00 0.500 276.882
21 1.0625 23.5 280.0000 309.934 90.00 90.00 90.00 90.00 -90.00 -90.00 -90.00 -90.00 0.500 280.178
22 1.0750 23.5 280.0000 311.511 90.00 90.00 90.00 90.00 -90.00 -90.00 -90.00 -90.00 0.500 283.475
23 1.0875 23.5 280.0000 313.088 90.00 90.00 90.00 90.00 -90.00 -90.00 -90.00 -90.00 0.500 286.771
24 1.1000 23.5 280.0000 314.665 90.00 90.00 90.00 90.00 -90.00 -90.00 -90.00 -90.00 0.500 290.067
25 1.1125 23.5 280.0000 316.242 90.00 90.00 90.00 90.00 -90.00 -90.00 -90.00 -90.00 0.500 293.363
26 1.1250 23.5 280.0000 317.820 90.00 90.00 90.00 90.00 -90.00 -90.00 -90.00 -90.00 0.500 296.659
27 1.1375 23.5 280.0000 319.397 90.00 90.00 90.00 90.00 -90.00 -90.00 -90.00 -90.00 0.500 299.956
28 1.1500 23.5 280.0000 320.974 90.00 90.00 90.00 90.00 -90.00 -90.00 -90.00 -90.00 0.500 303.252
29 1.1625 23.5 280.0000 322.551 90.00 90.00 90.00 90.00 -90.00 -90.00 -90.00 -90.00 0.500 306.548
30 1.1750 23.5 280.0000 324.128 90.00 90.00 90.00 90.00 -90.00 -90.00 -90.00 -90.00 0.500 309.844
31 1.1875 23.5 280.0000 325.705 90.00 90.00 90.00 90.00 -90.00 -90.00 -90.00 -90.00 0.500 313.140
32 1.2000 23.5 280.0000 327.282 90.00 90.00 90.00 90.00 -90.00 -90.00 -90.00 -90.00 0.500 316.437
33 1.2125 23.5 280.0000 328.860 90.00 90.00 90.00 90.00 -90.00 -90.00 -90.00 -90.00 0.500 319.733
34 1.2250 23.5 280.0000 330.437 90.00 90.00 90.00 90.00 -90.00 -90.00 -90.00 -90.00 0.500 323.029
35 1.2375 23.5 280.0000 332.014 90.00 90.00 90.00 90.00 -90.00 -90.00 -90.00 -90.00 0.500 326.325
36 1.2500 23.5 280.0000 333.591 90.00 90.00 90.00 90.00 -90.00 -90.00 -90.00 -90.00 0.500 329.622
37 1.2625 23.5 280.0000 335.168 90.00 90.00 90.00 90.00 -90.00 -90.00 -90.00 -90.00 0.500 332.918
38 1.2750 23.5 280.0000 336.745 90.00 90.00 90.00 90.00 -90.00 -90.00 -90.00 -90.00 0.500 336.214
39 1.2875 23.5 280.0000 338.322 90.00 90.00 90.00 90.00 -90.00 -90.00 -90.00 -90.00 0.500 339.510
40 1.3000 23.5 280.0000 339.899 90.00 90.00 90.00 90.00 -90.00 -90.00 -90.00 -90.00 0.500 342.806
41 1.3125 23.5 280.0000 341.477 90.00 90.00 90.00 90.00 -90.00 -90.00 -90.00 -90.00 0.500 346.103
42 1.3250 23.5 280.0000 343.054 90.00 90.00 90.00 90.00 -90.00 -90.00 -90.00 -90.00 0.500 349.399
43 1.3375 23.5 280.0000 344.631 90.00 90.00 90.00 90.00 -90.00 -90.00 -90.00 -90.00 0.500 352.695
44 1.3500 23.5 280.0000 346.208 90.00 90.00 90.00 90.00 -90.00 -90.00 -90.00 -90.00 0.500 355.991
45 1.3625 23.5 280.0000 347.785 90.00 90.00 90.00 90.00 -90.00 -90.00 -90.00 -90.00 0.500 359.288
46 1.3750 23.5 280.0000 349.362 90.00 90.00 90.00 90.00 -90.00 -90.00 -90.00 -90.00 0.500 362.584
47 1.3875 23.5 280.0000 350.939 90.00 90.00 90.00 90.00 -90.00 -90.00 -90.00 -90.00 0.500 365.880
48 1.4000 23.5 280.0000 352.517 90.00 90.00 90.00 90.00 -90.00 -90.00 -90.00 -90.00 0.500 369.176
49 1.4125 23.5 280.0000 354.094 90.00 90.00 90.00 90.00 -90.00 -90.00 -90.00 -90.00 0.500 372.472
50 1.4250 23.5 280.0000 355.671 90.00 90.00 90.00 90.00 -90.00 -90.00 -90.00 -90.00 0.500 375.769
51 1.4375 23.5 280.0000 357.248 90.00 90.00 90.00 90.00 -90.00 -90.00 -90.00 -90.00 0.500 379.065
52 1.4500 23.5 280.0000 358.825 90.00 90.00 90.00 90.00 -90.00 -90.00 -90.00 -90.00 0.500 382.361
53 1.4625 23.5 280.0000 360.402 90.00 90.00 90.00 90.00 -90.00 -90.00 -90.00 -90.00 0.500 385.657
54 1.4750 23.5 280.0000 361.979 90.00 90.00 90.00 90.00 -90.00 -90.00 -90.00 -90.00 0.500 388.953
55 1.4875 23.5 280.0000 363.557 90.00 90.00 90.00 90.00 -90.00 -90.00 -90.00 -90.00 0.500 392.250
56 1.5000 23.5 280.0000 365.134 90.00 90.00 90.00 90.00 -90.00 -90.00 -90.00 -90.00 0.500 395.546
