# Name of benchmark/experiment: Experiment 1 (G dwarf, warm start)
# Code: Shields-Bitz EBM (EBM_one_file.py, https://github.com/astrovidee/EBM), version 1.1.0
# Grid: 120 cells of equal area (evenly spaced in sin latitude). Global means are plain means over cells.
# Surfaces: separate land and ocean temperatures at each latitude; thermodynamic sea ice.
# Albedo: constant surface albedos, land 0.3, ocean 0.2, ice 0.6 (protocol Table 4), with no
#   zenith-angle term. Land and ocean take the ice value at or below -2 C. The model has no atmosphere, so
#   Asurf and ATOA are the same. Both are unweighted time means over the final orbit.
# Longwave: A + B*T with T in deg C. No CO2 term (see the Experiment 4 header for how CO2 is handled there).
# Sea ice has no heat capacity in this model (the protocol lists 1e7 J m^-2 K^-1).
# Every case starts from the prescribed warm or cold state. No case continues from another.
#   Warm start: 7.5 + 20*(1 - 2*sin(lat)^2) deg C. Cold start: 40 deg C colder, with 2 m of sea ice.
# Run length: 100 orbits of 360 steps; a case whose global mean still changed by more than
#   0.01 K over its final orbit was rerun for 400 orbits.
# Diffusion: constant D. Heat capacities: land 1e+07, ocean 4e+08 J m^-2 K^-1.
# Land: Fillet. Instellation unit: 1361 W m^-2.
# Convergence: largest change in Tglob over the final orbit 1.0e-02 K; largest north-south difference in annual-mean temperature 8.4e-03 K; 2 of 190 cases rerun for longer.
# Describe how ice line latitude is determined: from the model's own ice. Sea: sea ice thickness above zero
#   for at least half of the final orbit. Land: land temperature at or below -2 C, where the land albedo
#   switches to ice, for at least half of the final orbit. Edges lie on the boundaries between cells.
# Ice-free convention: NMax = NMin = 90 and SMax = SMin = -90.
#
# Columns: Inst (S_earth), Obl (deg), XCO2 (ppm), Tglob (K), ice edges (deg), Diff (W m^-2 K^-1), OLRglob (W m^-2)
# Case Inst Obl XCO2 Tglob IceLineNMaxLand IceLineNMinLand IceLineNMaxSea IceLineNMinSea IceLineSMaxLand IceLineSMinLand IceLineSMaxSea IceLineSMinSea Diff OLRglob
0 0.8000 0.0 280.0000 228.976 90.00 0.00 90.00 0.00 0.00 -90.00 0.00 -90.00 0.500 110.976
1 0.8000 10.0 280.0000 228.965 90.00 0.00 90.00 0.00 0.00 -90.00 0.00 -90.00 0.500 110.954
2 0.8000 20.0 280.0000 228.962 90.00 0.00 90.00 0.00 0.00 -90.00 0.00 -90.00 0.500 110.947
3 0.8000 30.0 280.0000 228.961 90.00 0.00 90.00 0.00 0.00 -90.00 0.00 -90.00 0.500 110.945
4 0.8000 40.0 280.0000 229.393 90.00 0.00 90.00 0.00 0.00 -90.00 0.00 -90.00 0.500 111.848
5 0.8000 50.0 280.0000 230.261 90.00 0.00 90.00 0.00 0.00 -90.00 0.00 -90.00 0.500 113.662
6 0.8000 60.0 280.0000 230.966 90.00 0.00 90.00 0.00 0.00 -90.00 0.00 -90.00 0.500 115.136
7 0.8000 70.0 280.0000 231.467 90.00 0.00 90.00 0.00 0.00 -90.00 0.00 -90.00 0.500 116.183
8 0.8000 80.0 280.0000 231.777 90.00 0.00 90.00 0.00 0.00 -90.00 0.00 -90.00 0.500 116.830
9 0.8000 90.0 280.0000 231.872 90.00 0.00 90.00 0.00 0.00 -90.00 0.00 -90.00 0.500 117.030
10 0.8250 0.0 280.0000 230.599 90.00 0.00 90.00 0.00 0.00 -90.00 0.00 -90.00 0.500 114.368
11 0.8250 10.0 280.0000 230.586 90.00 0.00 90.00 0.00 0.00 -90.00 0.00 -90.00 0.500 114.341
12 0.8250 20.0 280.0000 230.581 90.00 0.00 90.00 0.00 0.00 -90.00 0.00 -90.00 0.500 114.330
13 0.8250 30.0 280.0000 230.579 90.00 0.00 90.00 0.00 0.00 -90.00 0.00 -90.00 0.500 114.327
14 0.8250 40.0 280.0000 231.240 90.00 0.00 90.00 0.00 0.00 -90.00 0.00 -90.00 0.500 115.709
15 0.8250 50.0 280.0000 232.159 90.00 0.00 90.00 0.00 0.00 -90.00 0.00 -90.00 0.500 117.629
16 0.8250 60.0 280.0000 232.876 90.00 0.00 90.00 0.00 0.00 -90.00 0.00 -90.00 0.500 119.127
17 0.8250 70.0 280.0000 278.620 90.00 90.00 90.00 90.00 -90.00 -90.00 -90.00 -90.00 0.500 214.732
18 0.8250 80.0 280.0000 233.764 90.00 0.00 90.00 0.00 0.00 -90.00 0.00 -90.00 0.500 120.983
19 0.8250 90.0 280.0000 233.817 90.00 0.00 90.00 0.00 0.00 -90.00 0.00 -90.00 0.500 121.094
20 0.8500 0.0 280.0000 232.237 90.00 0.00 90.00 0.00 0.00 -90.00 0.00 -90.00 0.500 117.792
21 0.8500 10.0 280.0000 232.217 90.00 0.00 90.00 0.00 0.00 -90.00 0.00 -90.00 0.500 117.751
22 0.8500 20.0 280.0000 232.207 90.00 0.00 90.00 0.00 0.00 -90.00 0.00 -90.00 0.500 117.729
23 0.8500 30.0 280.0000 232.204 90.00 0.00 90.00 0.00 0.00 -90.00 0.00 -90.00 0.500 117.723
24 0.8500 40.0 280.0000 233.122 90.00 0.00 90.00 0.00 0.00 -90.00 0.00 -90.00 0.500 119.642
25 0.8500 50.0 280.0000 234.073 90.00 0.00 90.00 0.00 0.00 -90.00 0.00 -90.00 0.500 121.629
26 0.8500 60.0 280.0000 282.849 90.00 90.00 90.00 90.00 -90.00 -90.00 -90.00 -90.00 0.500 223.572
27 0.8500 70.0 280.0000 282.704 90.00 90.00 90.00 90.00 -90.00 -90.00 -90.00 -90.00 0.500 223.267
28 0.8500 80.0 280.0000 282.537 90.00 90.00 90.00 90.00 -90.00 -90.00 -90.00 -90.00 0.500 222.918
29 0.8500 90.0 280.0000 282.483 90.00 90.00 90.00 90.00 -90.00 -90.00 -90.00 -90.00 0.500 222.806
30 0.8750 0.0 280.0000 233.980 90.00 0.00 90.00 0.00 0.00 -90.00 0.00 -90.00 0.500 121.436
31 0.8750 10.0 280.0000 233.893 90.00 0.00 90.00 0.00 0.00 -90.00 0.00 -90.00 0.500 121.252
32 0.8750 20.0 280.0000 233.859 90.00 0.00 90.00 0.00 0.00 -90.00 0.00 -90.00 0.500 121.181
33 0.8750 30.0 280.0000 233.850 90.00 0.00 90.00 0.00 0.00 -90.00 0.00 -90.00 0.500 121.162
34 0.8750 40.0 280.0000 235.034 90.00 0.00 90.00 0.00 0.00 -90.00 0.00 -90.00 0.500 123.638
35 0.8750 50.0 280.0000 236.043 90.00 0.00 90.00 0.00 0.00 -90.00 0.00 -90.00 0.500 125.746
36 0.8750 60.0 280.0000 286.243 90.00 90.00 90.00 90.00 -90.00 -90.00 -90.00 -90.00 0.500 230.664
37 0.8750 70.0 280.0000 286.212 90.00 90.00 90.00 90.00 -90.00 -90.00 -90.00 -90.00 0.500 230.600
38 0.8750 80.0 280.0000 286.131 90.00 90.00 90.00 90.00 -90.00 -90.00 -90.00 -90.00 0.500 230.429
39 0.8750 90.0 280.0000 286.102 90.00 90.00 90.00 90.00 -90.00 -90.00 -90.00 -90.00 0.500 230.369
40 0.9000 0.0 280.0000 278.142 90.00 41.81 90.00 43.10 -41.81 -90.00 -43.10 -90.00 0.500 213.733
41 0.9000 10.0 280.0000 235.071 90.00 0.00 90.00 0.00 0.00 -90.00 0.00 -90.00 0.500 123.714
42 0.9000 20.0 280.0000 234.959 90.00 0.00 90.00 0.00 0.00 -90.00 0.00 -90.00 0.500 123.481
43 0.9000 30.0 280.0000 235.634 90.00 0.00 90.00 0.00 0.00 -90.00 0.00 -90.00 0.500 124.891
44 0.9000 40.0 280.0000 237.047 90.00 0.00 90.00 0.00 0.00 -90.00 0.00 -90.00 0.500 127.845
45 0.9000 50.0 280.0000 289.417 90.00 90.00 90.00 90.00 -90.00 -90.00 -90.00 -90.00 0.500 237.298
46 0.9000 60.0 280.0000 289.429 90.00 90.00 90.00 90.00 -90.00 -90.00 -90.00 -90.00 0.500 237.323
47 0.9000 70.0 280.0000 289.429 90.00 90.00 90.00 90.00 -90.00 -90.00 -90.00 -90.00 0.500 237.323
48 0.9000 80.0 280.0000 289.425 90.00 90.00 90.00 90.00 -90.00 -90.00 -90.00 -90.00 0.500 237.315
49 0.9000 90.0 280.0000 289.414 90.00 90.00 90.00 90.00 -90.00 -90.00 -90.00 -90.00 0.500 237.292
50 0.9250 0.0 280.0000 285.854 90.00 50.06 90.00 51.57 -50.06 -90.00 -51.57 -90.00 0.500 229.851
51 0.9250 10.0 280.0000 283.900 90.00 47.17 90.00 48.59 -47.17 -90.00 -48.59 -90.00 0.500 225.767
52 0.9250 20.0 280.0000 283.567 90.00 47.17 90.00 47.17 -47.17 -90.00 -47.17 -90.00 0.500 225.071
53 0.9250 30.0 280.0000 284.107 90.00 50.06 90.00 50.06 -50.06 -90.00 -50.06 -90.00 0.500 226.201
54 0.9250 40.0 280.0000 292.562 90.00 90.00 90.00 90.00 -90.00 -90.00 -90.00 -90.00 0.500 243.872
55 0.9250 50.0 280.0000 292.584 90.00 90.00 90.00 90.00 -90.00 -90.00 -90.00 -90.00 0.500 243.916
56 0.9250 60.0 280.0000 292.583 90.00 90.00 90.00 90.00 -90.00 -90.00 -90.00 -90.00 0.500 243.916
57 0.9250 70.0 280.0000 292.583 90.00 90.00 90.00 90.00 -90.00 -90.00 -90.00 -90.00 0.500 243.915
58 0.9250 80.0 280.0000 292.583 90.00 90.00 90.00 90.00 -90.00 -90.00 -90.00 -90.00 0.500 243.915
59 0.9250 90.0 280.0000 292.583 90.00 90.00 90.00 90.00 -90.00 -90.00 -90.00 -90.00 0.500 243.915
60 0.9500 0.0 280.0000 291.003 90.00 54.75 90.00 56.44 -54.75 -90.00 -56.44 -90.00 0.500 240.613
61 0.9500 10.0 280.0000 290.654 90.00 54.75 90.00 56.44 -54.75 -90.00 -56.44 -90.00 0.500 239.884
62 0.9500 20.0 280.0000 291.076 90.00 58.21 90.00 58.21 -58.21 -90.00 -58.21 -90.00 0.500 240.766
63 0.9500 30.0 280.0000 295.702 90.00 90.00 90.00 90.00 -90.00 -90.00 -90.00 -90.00 0.500 250.434
64 0.9500 40.0 280.0000 295.736 90.00 90.00 90.00 90.00 -90.00 -90.00 -90.00 -90.00 0.500 250.504
65 0.9500 50.0 280.0000 295.738 90.00 90.00 90.00 90.00 -90.00 -90.00 -90.00 -90.00 0.500 250.509
66 0.9500 60.0 280.0000 295.738 90.00 90.00 90.00 90.00 -90.00 -90.00 -90.00 -90.00 0.500 250.508
67 0.9500 70.0 280.0000 295.737 90.00 90.00 90.00 90.00 -90.00 -90.00 -90.00 -90.00 0.500 250.508
68 0.9500 80.0 280.0000 295.737 90.00 90.00 90.00 90.00 -90.00 -90.00 -90.00 -90.00 0.500 250.507
69 0.9500 90.0 280.0000 295.737 90.00 90.00 90.00 90.00 -90.00 -90.00 -90.00 -90.00 0.500 250.507
70 0.9750 0.0 280.0000 296.112 90.00 62.05 90.00 62.05 -62.05 -90.00 -62.05 -90.00 0.500 251.291
71 0.9750 10.0 280.0000 296.224 90.00 62.05 90.00 64.16 -62.05 -90.00 -64.16 -90.00 0.500 251.525
72 0.9750 20.0 280.0000 296.933 90.00 66.44 90.00 68.96 -66.44 -90.00 -68.96 -90.00 0.500 253.007
73 0.9750 30.0 280.0000 298.882 90.00 90.00 90.00 90.00 -90.00 -90.00 -90.00 -90.00 0.500 257.081
74 0.9750 40.0 280.0000 298.893 90.00 90.00 90.00 90.00 -90.00 -90.00 -90.00 -90.00 0.500 257.102
75 0.9750 50.0 280.0000 298.892 90.00 90.00 90.00 90.00 -90.00 -90.00 -90.00 -90.00 0.500 257.101
76 0.9750 60.0 280.0000 298.892 90.00 90.00 90.00 90.00 -90.00 -90.00 -90.00 -90.00 0.500 257.100
77 0.9750 70.0 280.0000 298.892 90.00 90.00 90.00 90.00 -90.00 -90.00 -90.00 -90.00 0.500 257.100
78 0.9750 80.0 280.0000 298.891 90.00 90.00 90.00 90.00 -90.00 -90.00 -90.00 -90.00 0.500 257.100
79 0.9750 90.0 280.0000 298.891 90.00 90.00 90.00 90.00 -90.00 -90.00 -90.00 -90.00 0.500 257.100
80 1.0000 0.0 280.0000 300.815 90.00 68.96 90.00 68.96 -68.96 -90.00 -68.96 -90.00 0.500 261.119
81 1.0000 10.0 280.0000 300.877 90.00 68.96 90.00 68.96 -68.96 -90.00 -68.96 -90.00 0.500 261.249
82 1.0000 20.0 280.0000 302.027 90.00 79.52 90.00 90.00 -79.52 -90.00 -90.00 -90.00 0.500 263.653
83 1.0000 30.0 280.0000 302.046 90.00 90.00 90.00 90.00 -90.00 -90.00 -90.00 -90.00 0.500 263.693
84 1.0000 40.0 280.0000 302.047 90.00 90.00 90.00 90.00 -90.00 -90.00 -90.00 -90.00 0.500 263.694
85 1.0000 50.0 280.0000 302.046 90.00 90.00 90.00 90.00 -90.00 -90.00 -90.00 -90.00 0.500 263.693
86 1.0000 60.0 280.0000 302.046 90.00 90.00 90.00 90.00 -90.00 -90.00 -90.00 -90.00 0.500 263.693
87 1.0000 70.0 280.0000 302.046 90.00 90.00 90.00 90.00 -90.00 -90.00 -90.00 -90.00 0.500 263.692
88 1.0000 80.0 280.0000 302.046 90.00 90.00 90.00 90.00 -90.00 -90.00 -90.00 -90.00 0.500 263.692
89 1.0000 90.0 280.0000 302.046 90.00 90.00 90.00 90.00 -90.00 -90.00 -90.00 -90.00 0.500 263.692
90 1.0250 0.0 280.0000 304.765 90.00 75.16 90.00 75.16 -75.16 -90.00 -75.16 -90.00 0.500 269.375
91 1.0250 10.0 280.0000 304.818 90.00 75.16 90.00 79.52 -75.16 -90.00 -79.52 -90.00 0.500 269.485
92 1.0250 20.0 280.0000 305.197 90.00 90.00 90.00 90.00 -90.00 -90.00 -90.00 -90.00 0.500 270.279
93 1.0250 30.0 280.0000 305.202 90.00 90.00 90.00 90.00 -90.00 -90.00 -90.00 -90.00 0.500 270.288
94 1.0250 40.0 280.0000 305.201 90.00 90.00 90.00 90.00 -90.00 -90.00 -90.00 -90.00 0.500 270.287
95 1.0250 50.0 280.0000 305.201 90.00 90.00 90.00 90.00 -90.00 -90.00 -90.00 -90.00 0.500 270.286
96 1.0250 60.0 280.0000 305.200 90.00 90.00 90.00 90.00 -90.00 -90.00 -90.00 -90.00 0.500 270.285
97 1.0250 70.0 280.0000 305.200 90.00 90.00 90.00 90.00 -90.00 -90.00 -90.00 -90.00 0.500 270.284
98 1.0250 80.0 280.0000 305.200 90.00 90.00 90.00 90.00 -90.00 -90.00 -90.00 -90.00 0.500 270.284
99 1.0250 90.0 280.0000 305.200 90.00 90.00 90.00 90.00 -90.00 -90.00 -90.00 -90.00 0.500 270.284
100 1.0500 0.0 280.0000 308.211 90.00 79.52 90.00 79.52 -79.52 -90.00 -79.52 -90.00 0.500 276.577
101 1.0500 10.0 280.0000 308.353 90.00 90.00 90.00 90.00 -90.00 -90.00 -90.00 -90.00 0.500 276.875
102 1.0500 20.0 280.0000 308.357 90.00 90.00 90.00 90.00 -90.00 -90.00 -90.00 -90.00 0.500 276.882
103 1.0500 30.0 280.0000 308.356 90.00 90.00 90.00 90.00 -90.00 -90.00 -90.00 -90.00 0.500 276.881
104 1.0500 40.0 280.0000 308.355 90.00 90.00 90.00 90.00 -90.00 -90.00 -90.00 -90.00 0.500 276.879
105 1.0500 50.0 280.0000 308.355 90.00 90.00 90.00 90.00 -90.00 -90.00 -90.00 -90.00 0.500 276.878
106 1.0500 60.0 280.0000 308.354 90.00 90.00 90.00 90.00 -90.00 -90.00 -90.00 -90.00 0.500 276.877
107 1.0500 70.0 280.0000 308.354 90.00 90.00 90.00 90.00 -90.00 -90.00 -90.00 -90.00 0.500 276.877
108 1.0500 80.0 280.0000 308.354 90.00 90.00 90.00 90.00 -90.00 -90.00 -90.00 -90.00 0.500 276.876
109 1.0500 90.0 280.0000 308.354 90.00 90.00 90.00 90.00 -90.00 -90.00 -90.00 -90.00 0.500 276.876
110 1.0750 0.0 280.0000 311.541 90.00 90.00 90.00 90.00 -90.00 -90.00 -90.00 -90.00 0.500 283.538
111 1.0750 10.0 280.0000 311.515 90.00 90.00 90.00 90.00 -90.00 -90.00 -90.00 -90.00 0.500 283.482
112 1.0750 20.0 280.0000 311.511 90.00 90.00 90.00 90.00 -90.00 -90.00 -90.00 -90.00 0.500 283.475
113 1.0750 30.0 280.0000 311.510 90.00 90.00 90.00 90.00 -90.00 -90.00 -90.00 -90.00 0.500 283.473
114 1.0750 40.0 280.0000 311.510 90.00 90.00 90.00 90.00 -90.00 -90.00 -90.00 -90.00 0.500 283.471
115 1.0750 50.0 280.0000 311.509 90.00 90.00 90.00 90.00 -90.00 -90.00 -90.00 -90.00 0.500 283.470
116 1.0750 60.0 280.0000 311.509 90.00 90.00 90.00 90.00 -90.00 -90.00 -90.00 -90.00 0.500 283.470
117 1.0750 70.0 280.0000 311.508 90.00 90.00 90.00 90.00 -90.00 -90.00 -90.00 -90.00 0.500 283.469
118 1.0750 80.0 280.0000 311.508 90.00 90.00 90.00 90.00 -90.00 -90.00 -90.00 -90.00 0.500 283.469
119 1.0750 90.0 280.0000 311.508 90.00 90.00 90.00 90.00 -90.00 -90.00 -90.00 -90.00 0.500 283.469
120 1.1000 0.0 280.0000 314.696 90.00 90.00 90.00 90.00 -90.00 -90.00 -90.00 -90.00 0.500 290.131
121 1.1000 10.0 280.0000 314.670 90.00 90.00 90.00 90.00 -90.00 -90.00 -90.00 -90.00 0.500 290.076
122 1.1000 20.0 280.0000 314.666 90.00 90.00 90.00 90.00 -90.00 -90.00 -90.00 -90.00 0.500 290.068
123 1.1000 30.0 280.0000 314.665 90.00 90.00 90.00 90.00 -90.00 -90.00 -90.00 -90.00 0.500 290.065
124 1.1000 40.0 280.0000 314.664 90.00 90.00 90.00 90.00 -90.00 -90.00 -90.00 -90.00 0.500 290.064
125 1.1000 50.0 280.0000 314.663 90.00 90.00 90.00 90.00 -90.00 -90.00 -90.00 -90.00 0.500 290.063
126 1.1000 60.0 280.0000 314.663 90.00 90.00 90.00 90.00 -90.00 -90.00 -90.00 -90.00 0.500 290.062
127 1.1000 70.0 280.0000 314.663 90.00 90.00 90.00 90.00 -90.00 -90.00 -90.00 -90.00 0.500 290.061
128 1.1000 80.0 280.0000 314.662 90.00 90.00 90.00 90.00 -90.00 -90.00 -90.00 -90.00 0.500 290.061
129 1.1000 90.0 280.0000 314.662 90.00 90.00 90.00 90.00 -90.00 -90.00 -90.00 -90.00 0.500 290.061
130 1.1250 0.0 280.0000 317.851 90.00 90.00 90.00 90.00 -90.00 -90.00 -90.00 -90.00 0.500 296.725
131 1.1250 10.0 280.0000 317.824 90.00 90.00 90.00 90.00 -90.00 -90.00 -90.00 -90.00 0.500 296.669
132 1.1250 20.0 280.0000 317.820 90.00 90.00 90.00 90.00 -90.00 -90.00 -90.00 -90.00 0.500 296.660
133 1.1250 30.0 280.0000 317.819 90.00 90.00 90.00 90.00 -90.00 -90.00 -90.00 -90.00 0.500 296.658
134 1.1250 40.0 280.0000 317.818 90.00 90.00 90.00 90.00 -90.00 -90.00 -90.00 -90.00 0.500 296.656
135 1.1250 50.0 280.0000 317.817 90.00 90.00 90.00 90.00 -90.00 -90.00 -90.00 -90.00 0.500 296.655
136 1.1250 60.0 280.0000 317.817 90.00 90.00 90.00 90.00 -90.00 -90.00 -90.00 -90.00 0.500 296.654
137 1.1250 70.0 280.0000 317.817 90.00 90.00 90.00 90.00 -90.00 -90.00 -90.00 -90.00 0.500 296.654
138 1.1250 80.0 280.0000 317.817 90.00 90.00 90.00 90.00 -90.00 -90.00 -90.00 -90.00 0.500 296.653
139 1.1250 90.0 280.0000 317.817 90.00 90.00 90.00 90.00 -90.00 -90.00 -90.00 -90.00 0.500 296.653
140 1.1500 0.0 280.0000 321.006 90.00 90.00 90.00 90.00 -90.00 -90.00 -90.00 -90.00 0.500 303.319
141 1.1500 10.0 280.0000 320.978 90.00 90.00 90.00 90.00 -90.00 -90.00 -90.00 -90.00 0.500 303.261
142 1.1500 20.0 280.0000 320.974 90.00 90.00 90.00 90.00 -90.00 -90.00 -90.00 -90.00 0.500 303.253
143 1.1500 30.0 280.0000 320.973 90.00 90.00 90.00 90.00 -90.00 -90.00 -90.00 -90.00 0.500 303.250
144 1.1500 40.0 280.0000 320.972 90.00 90.00 90.00 90.00 -90.00 -90.00 -90.00 -90.00 0.500 303.248
145 1.1500 50.0 280.0000 320.972 90.00 90.00 90.00 90.00 -90.00 -90.00 -90.00 -90.00 0.500 303.247
146 1.1500 60.0 280.0000 320.971 90.00 90.00 90.00 90.00 -90.00 -90.00 -90.00 -90.00 0.500 303.247
147 1.1500 70.0 280.0000 320.971 90.00 90.00 90.00 90.00 -90.00 -90.00 -90.00 -90.00 0.500 303.246
148 1.1500 80.0 280.0000 320.971 90.00 90.00 90.00 90.00 -90.00 -90.00 -90.00 -90.00 0.500 303.246
149 1.1500 90.0 280.0000 320.971 90.00 90.00 90.00 90.00 -90.00 -90.00 -90.00 -90.00 0.500 303.246
150 1.1750 0.0 280.0000 324.161 90.00 90.00 90.00 90.00 -90.00 -90.00 -90.00 -90.00 0.500 309.913
151 1.1750 10.0 280.0000 324.133 90.00 90.00 90.00 90.00 -90.00 -90.00 -90.00 -90.00 0.500 309.854
152 1.1750 20.0 280.0000 324.128 90.00 90.00 90.00 90.00 -90.00 -90.00 -90.00 -90.00 0.500 309.845
153 1.1750 30.0 280.0000 324.127 90.00 90.00 90.00 90.00 -90.00 -90.00 -90.00 -90.00 0.500 309.843
154 1.1750 40.0 280.0000 324.126 90.00 90.00 90.00 90.00 -90.00 -90.00 -90.00 -90.00 0.500 309.841
155 1.1750 50.0 280.0000 324.126 90.00 90.00 90.00 90.00 -90.00 -90.00 -90.00 -90.00 0.500 309.840
156 1.1750 60.0 280.0000 324.126 90.00 90.00 90.00 90.00 -90.00 -90.00 -90.00 -90.00 0.500 309.839
157 1.1750 70.0 280.0000 324.125 90.00 90.00 90.00 90.00 -90.00 -90.00 -90.00 -90.00 0.500 309.838
158 1.1750 80.0 280.0000 324.125 90.00 90.00 90.00 90.00 -90.00 -90.00 -90.00 -90.00 0.500 309.838
159 1.1750 90.0 280.0000 324.125 90.00 90.00 90.00 90.00 -90.00 -90.00 -90.00 -90.00 0.500 309.838
160 1.2000 0.0 280.0000 327.316 90.00 90.00 90.00 90.00 -90.00 -90.00 -90.00 -90.00 0.500 316.507
161 1.2000 10.0 280.0000 327.287 90.00 90.00 90.00 90.00 -90.00 -90.00 -90.00 -90.00 0.500 316.447
162 1.2000 20.0 280.0000 327.283 90.00 90.00 90.00 90.00 -90.00 -90.00 -90.00 -90.00 0.500 316.437
163 1.2000 30.0 280.0000 327.282 90.00 90.00 90.00 90.00 -90.00 -90.00 -90.00 -90.00 0.500 316.435
164 1.2000 40.0 280.0000 327.281 90.00 90.00 90.00 90.00 -90.00 -90.00 -90.00 -90.00 0.500 316.433
165 1.2000 50.0 280.0000 327.280 90.00 90.00 90.00 90.00 -90.00 -90.00 -90.00 -90.00 0.500 316.432
166 1.2000 60.0 280.0000 327.280 90.00 90.00 90.00 90.00 -90.00 -90.00 -90.00 -90.00 0.500 316.431
167 1.2000 70.0 280.0000 327.279 90.00 90.00 90.00 90.00 -90.00 -90.00 -90.00 -90.00 0.500 316.431
168 1.2000 80.0 280.0000 327.279 90.00 90.00 90.00 90.00 -90.00 -90.00 -90.00 -90.00 0.500 316.430
169 1.2000 90.0 280.0000 327.279 90.00 90.00 90.00 90.00 -90.00 -90.00 -90.00 -90.00 0.500 316.430
170 1.2250 0.0 280.0000 330.471 90.00 90.00 90.00 90.00 -90.00 -90.00 -90.00 -90.00 0.500 323.101
171 1.2250 10.0 280.0000 330.442 90.00 90.00 90.00 90.00 -90.00 -90.00 -90.00 -90.00 0.500 323.039
172 1.2250 20.0 280.0000 330.437 90.00 90.00 90.00 90.00 -90.00 -90.00 -90.00 -90.00 0.500 323.030
173 1.2250 30.0 280.0000 330.436 90.00 90.00 90.00 90.00 -90.00 -90.00 -90.00 -90.00 0.500 323.027
174 1.2250 40.0 280.0000 330.435 90.00 90.00 90.00 90.00 -90.00 -90.00 -90.00 -90.00 0.500 323.026
175 1.2250 50.0 280.0000 330.434 90.00 90.00 90.00 90.00 -90.00 -90.00 -90.00 -90.00 0.500 323.024
176 1.2250 60.0 280.0000 330.434 90.00 90.00 90.00 90.00 -90.00 -90.00 -90.00 -90.00 0.500 323.024
177 1.2250 70.0 280.0000 330.434 90.00 90.00 90.00 90.00 -90.00 -90.00 -90.00 -90.00 0.500 323.023
178 1.2250 80.0 280.0000 330.434 90.00 90.00 90.00 90.00 -90.00 -90.00 -90.00 -90.00 0.500 323.023
179 1.2250 90.0 280.0000 330.434 90.00 90.00 90.00 90.00 -90.00 -90.00 -90.00 -90.00 0.500 323.023
180 1.2500 0.0 280.0000 333.626 90.00 90.00 90.00 90.00 -90.00 -90.00 -90.00 -90.00 0.500 329.695
181 1.2500 10.0 280.0000 333.596 90.00 90.00 90.00 90.00 -90.00 -90.00 -90.00 -90.00 0.500 329.632
182 1.2500 20.0 280.0000 333.591 90.00 90.00 90.00 90.00 -90.00 -90.00 -90.00 -90.00 0.500 329.622
183 1.2500 30.0 280.0000 333.590 90.00 90.00 90.00 90.00 -90.00 -90.00 -90.00 -90.00 0.500 329.620
184 1.2500 40.0 280.0000 333.589 90.00 90.00 90.00 90.00 -90.00 -90.00 -90.00 -90.00 0.500 329.618
185 1.2500 50.0 280.0000 333.589 90.00 90.00 90.00 90.00 -90.00 -90.00 -90.00 -90.00 0.500 329.617
186 1.2500 60.0 280.0000 333.588 90.00 90.00 90.00 90.00 -90.00 -90.00 -90.00 -90.00 0.500 329.616
187 1.2500 70.0 280.0000 333.588 90.00 90.00 90.00 90.00 -90.00 -90.00 -90.00 -90.00 0.500 329.615
188 1.2500 80.0 280.0000 333.588 90.00 90.00 90.00 90.00 -90.00 -90.00 -90.00 -90.00 0.500 329.615
189 1.2500 90.0 280.0000 333.588 90.00 90.00 90.00 90.00 -90.00 -90.00 -90.00 -90.00 0.500 329.615
