# Name of benchmark/experiment: Experiment 2 (G dwarf, cold start)
# Code: Shields-Bitz EBM (EBM_one_file.py, https://github.com/astrovidee/EBM), version 1.1.0
# Grid: 120 cells of equal area (evenly spaced in sin latitude). Global means are plain means over cells.
# Surfaces: separate land and ocean temperatures at each latitude; thermodynamic sea ice.
# Albedo: the model's own stellar-weighted values for a G star (ocean 0.319, land 0.415, ice 0.514), not the
#   protocol's 0.2/0.3/0.6, with a zenith-angle term on ice-free surfaces that follows the star's
#   declination (zenithflag = 1). The model has no atmosphere, so Asurf and ATOA are the same. Both are
#   unweighted time means over the final orbit.
# Longwave: A + B*T with T in deg C. No CO2 term (see the Experiment 4 header for how CO2 is handled there).
# Sea ice has no heat capacity in this model (the protocol lists 1e7 J m^-2 K^-1).
# Every case starts from the prescribed warm or cold state. No case continues from another.
#   Warm start: 7.5 + 20*(1 - 2*sin(lat)^2) deg C. Cold start: 40 deg C colder, with 2 m of sea ice.
# Run length: 100 orbits of 360 steps; a case whose global mean still changed by more than
#   0.01 K over its final orbit was rerun for 400 orbits.
# Diffusion: constant D. Heat capacities: land 1e+07, ocean 4e+08 J m^-2 K^-1.
# Land: Fillet. Instellation unit: 1361 W m^-2.
# Convergence: largest change in Tglob over the final orbit 2.3e-03 K; largest north-south difference in annual-mean temperature 3.5e-03 K; 0 of 190 cases rerun for longer.
# Describe how ice line latitude is determined: from the model's own ice. Sea: sea ice thickness above zero
#   for at least half of the final orbit. Land: land temperature at or below -2 C, where the land albedo
#   switches to ice, for at least half of the final orbit. Edges lie on the boundaries between cells.
# Ice-free convention: NMax = NMin = 90 and SMax = SMin = -90.
#
# Columns: Inst (S_earth), Obl (deg), XCO2 (ppm), Tglob (K), ice edges (deg), Diff (W m^-2 K^-1), OLRglob (W m^-2)
# Case Inst Obl XCO2 Tglob IceLineNMaxLand IceLineNMinLand IceLineNMaxSea IceLineNMinSea IceLineSMaxLand IceLineSMinLand IceLineSMaxSea IceLineSMinSea Diff OLRglob
0 1.0500 0.0 280.0000 259.495 90.00 0.00 90.00 0.00 0.00 -90.00 0.00 -90.00 0.500 174.761
1 1.0500 10.0 280.0000 260.482 90.00 7.66 90.00 0.00 -7.66 -90.00 0.00 -90.00 0.500 176.824
2 1.0500 20.0 280.0000 260.679 90.00 12.51 90.00 0.00 -12.51 -90.00 0.00 -90.00 0.500 177.237
3 1.0500 30.0 280.0000 260.899 90.00 0.00 90.00 0.00 0.00 -90.00 0.00 -90.00 0.500 177.694
4 1.0500 40.0 280.0000 294.353 90.00 90.00 90.00 90.00 -90.00 -90.00 -90.00 -90.00 0.500 247.614
5 1.0500 50.0 280.0000 294.435 90.00 90.00 90.00 90.00 -90.00 -90.00 -90.00 -90.00 0.500 247.786
6 1.0500 60.0 280.0000 294.423 90.00 90.00 90.00 90.00 -90.00 -90.00 -90.00 -90.00 0.500 247.761
7 1.0500 70.0 280.0000 294.252 90.00 90.00 90.00 90.00 -90.00 -90.00 -90.00 -90.00 0.500 247.404
8 1.0500 80.0 280.0000 293.939 90.00 90.00 90.00 90.00 -90.00 -90.00 -90.00 -90.00 0.500 246.748
9 1.0500 90.0 280.0000 293.687 90.00 90.00 90.00 90.00 -90.00 -90.00 -90.00 -90.00 0.500 246.222
10 1.0750 0.0 280.0000 295.861 90.00 60.07 90.00 62.05 -60.07 -90.00 -62.05 -90.00 0.500 250.767
11 1.0750 10.0 280.0000 295.796 90.00 62.05 90.00 62.05 -62.05 -90.00 -62.05 -90.00 0.500 250.631
12 1.0750 20.0 280.0000 295.882 90.00 64.16 90.00 66.44 -64.16 -90.00 -66.44 -90.00 0.500 250.810
13 1.0750 30.0 280.0000 297.068 90.00 79.52 90.00 90.00 -79.52 -90.00 -90.00 -90.00 0.500 253.289
14 1.0750 40.0 280.0000 297.172 90.00 90.00 90.00 90.00 -90.00 -90.00 -90.00 -90.00 0.500 253.507
15 1.0750 50.0 280.0000 297.258 90.00 90.00 90.00 90.00 -90.00 -90.00 -90.00 -90.00 0.500 253.686
16 1.0750 60.0 280.0000 297.246 90.00 90.00 90.00 90.00 -90.00 -90.00 -90.00 -90.00 0.500 253.660
17 1.0750 70.0 280.0000 297.071 90.00 90.00 90.00 90.00 -90.00 -90.00 -90.00 -90.00 0.500 253.294
18 1.0750 80.0 280.0000 296.750 90.00 90.00 90.00 90.00 -90.00 -90.00 -90.00 -90.00 0.500 252.623
19 1.0750 90.0 280.0000 296.492 90.00 90.00 90.00 90.00 -90.00 -90.00 -90.00 -90.00 0.500 252.085
20 1.1000 0.0 280.0000 299.116 90.00 64.16 90.00 66.44 -64.16 -90.00 -66.44 -90.00 0.500 257.569
21 1.1000 10.0 280.0000 298.956 90.00 64.16 90.00 66.44 -64.16 -90.00 -66.44 -90.00 0.500 257.234
22 1.1000 20.0 280.0000 299.193 90.00 68.96 90.00 71.81 -68.96 -90.00 -71.81 -90.00 0.500 257.730
23 1.1000 30.0 280.0000 299.885 90.00 90.00 90.00 90.00 -90.00 -90.00 -90.00 -90.00 0.500 259.175
24 1.1000 40.0 280.0000 299.993 90.00 90.00 90.00 90.00 -90.00 -90.00 -90.00 -90.00 0.500 259.402
25 1.1000 50.0 280.0000 300.081 90.00 90.00 90.00 90.00 -90.00 -90.00 -90.00 -90.00 0.500 259.585
26 1.1000 60.0 280.0000 300.068 90.00 90.00 90.00 90.00 -90.00 -90.00 -90.00 -90.00 0.500 259.559
27 1.1000 70.0 280.0000 299.889 90.00 90.00 90.00 90.00 -90.00 -90.00 -90.00 -90.00 0.500 259.185
28 1.1000 80.0 280.0000 299.561 90.00 90.00 90.00 90.00 -90.00 -90.00 -90.00 -90.00 0.500 258.498
29 1.1000 90.0 280.0000 299.297 90.00 90.00 90.00 90.00 -90.00 -90.00 -90.00 -90.00 0.500 257.947
30 1.1250 0.0 280.0000 302.116 90.00 66.44 90.00 68.96 -66.44 -90.00 -68.96 -90.00 0.500 263.839
31 1.1250 10.0 280.0000 302.083 90.00 68.96 90.00 68.96 -68.96 -90.00 -68.96 -90.00 0.500 263.769
32 1.1250 20.0 280.0000 302.459 90.00 75.16 90.00 90.00 -75.16 -90.00 -90.00 -90.00 0.500 264.555
33 1.1250 30.0 280.0000 302.702 90.00 90.00 90.00 90.00 -90.00 -90.00 -90.00 -90.00 0.500 265.063
34 1.1250 40.0 280.0000 302.814 90.00 90.00 90.00 90.00 -90.00 -90.00 -90.00 -90.00 0.500 265.297
35 1.1250 50.0 280.0000 302.904 90.00 90.00 90.00 90.00 -90.00 -90.00 -90.00 -90.00 0.500 265.485
36 1.1250 60.0 280.0000 302.891 90.00 90.00 90.00 90.00 -90.00 -90.00 -90.00 -90.00 0.500 265.458
37 1.1250 70.0 280.0000 302.708 90.00 90.00 90.00 90.00 -90.00 -90.00 -90.00 -90.00 0.500 265.075
38 1.1250 80.0 280.0000 302.372 90.00 90.00 90.00 90.00 -90.00 -90.00 -90.00 -90.00 0.500 264.373
39 1.1250 90.0 280.0000 302.102 90.00 90.00 90.00 90.00 -90.00 -90.00 -90.00 -90.00 0.500 263.809
40 1.1500 0.0 280.0000 305.096 90.00 68.96 90.00 71.81 -68.96 -90.00 -71.81 -90.00 0.500 270.066
41 1.1500 10.0 280.0000 305.096 90.00 71.81 90.00 75.16 -71.81 -90.00 -75.16 -90.00 0.500 270.068
42 1.1500 20.0 280.0000 305.435 90.00 79.52 90.00 90.00 -79.52 -90.00 -90.00 -90.00 0.500 270.776
43 1.1500 30.0 280.0000 305.520 90.00 90.00 90.00 90.00 -90.00 -90.00 -90.00 -90.00 0.500 270.952
44 1.1500 40.0 280.0000 305.634 90.00 90.00 90.00 90.00 -90.00 -90.00 -90.00 -90.00 0.500 271.192
45 1.1500 50.0 280.0000 305.726 90.00 90.00 90.00 90.00 -90.00 -90.00 -90.00 -90.00 0.500 271.384
46 1.1500 60.0 280.0000 305.713 90.00 90.00 90.00 90.00 -90.00 -90.00 -90.00 -90.00 0.500 271.357
47 1.1500 70.0 280.0000 305.526 90.00 90.00 90.00 90.00 -90.00 -90.00 -90.00 -90.00 0.500 270.966
48 1.1500 80.0 280.0000 305.183 90.00 90.00 90.00 90.00 -90.00 -90.00 -90.00 -90.00 0.500 270.248
49 1.1500 90.0 280.0000 304.907 90.00 90.00 90.00 90.00 -90.00 -90.00 -90.00 -90.00 0.500 269.672
50 1.1750 0.0 280.0000 308.044 90.00 75.16 90.00 75.16 -75.16 -90.00 -75.16 -90.00 0.500 276.229
51 1.1750 10.0 280.0000 308.074 90.00 75.16 90.00 79.52 -75.16 -90.00 -79.52 -90.00 0.500 276.291
52 1.1750 20.0 280.0000 308.251 90.00 90.00 90.00 90.00 -90.00 -90.00 -90.00 -90.00 0.500 276.660
53 1.1750 30.0 280.0000 308.338 90.00 90.00 90.00 90.00 -90.00 -90.00 -90.00 -90.00 0.500 276.843
54 1.1750 40.0 280.0000 308.455 90.00 90.00 90.00 90.00 -90.00 -90.00 -90.00 -90.00 0.500 277.088
55 1.1750 50.0 280.0000 308.549 90.00 90.00 90.00 90.00 -90.00 -90.00 -90.00 -90.00 0.500 277.284
56 1.1750 60.0 280.0000 308.536 90.00 90.00 90.00 90.00 -90.00 -90.00 -90.00 -90.00 0.500 277.256
57 1.1750 70.0 280.0000 308.344 90.00 90.00 90.00 90.00 -90.00 -90.00 -90.00 -90.00 0.500 276.856
58 1.1750 80.0 280.0000 307.994 90.00 90.00 90.00 90.00 -90.00 -90.00 -90.00 -90.00 0.500 276.123
59 1.1750 90.0 280.0000 307.712 90.00 90.00 90.00 90.00 -90.00 -90.00 -90.00 -90.00 0.500 275.534
60 1.2000 0.0 280.0000 310.968 90.00 79.52 90.00 79.52 -79.52 -90.00 -79.52 -90.00 0.500 282.340
61 1.2000 10.0 280.0000 311.024 90.00 79.52 90.00 90.00 -79.52 -90.00 -90.00 -90.00 0.500 282.456
62 1.2000 20.0 280.0000 311.066 90.00 90.00 90.00 90.00 -90.00 -90.00 -90.00 -90.00 0.500 282.545
63 1.2000 30.0 280.0000 311.156 90.00 90.00 90.00 90.00 -90.00 -90.00 -90.00 -90.00 0.500 282.733
64 1.2000 40.0 280.0000 311.276 90.00 90.00 90.00 90.00 -90.00 -90.00 -90.00 -90.00 0.500 282.983
65 1.2000 50.0 280.0000 311.372 90.00 90.00 90.00 90.00 -90.00 -90.00 -90.00 -90.00 0.500 283.184
66 1.2000 60.0 280.0000 311.358 90.00 90.00 90.00 90.00 -90.00 -90.00 -90.00 -90.00 0.500 283.155
67 1.2000 70.0 280.0000 311.163 90.00 90.00 90.00 90.00 -90.00 -90.00 -90.00 -90.00 0.500 282.747
68 1.2000 80.0 280.0000 310.805 90.00 90.00 90.00 90.00 -90.00 -90.00 -90.00 -90.00 0.500 281.998
69 1.2000 90.0 280.0000 310.517 90.00 90.00 90.00 90.00 -90.00 -90.00 -90.00 -90.00 0.500 281.397
70 1.2250 0.0 280.0000 313.851 90.00 79.52 90.00 90.00 -79.52 -90.00 -90.00 -90.00 0.500 288.364
71 1.2250 10.0 280.0000 313.838 90.00 90.00 90.00 90.00 -90.00 -90.00 -90.00 -90.00 0.500 288.338
72 1.2250 20.0 280.0000 313.883 90.00 90.00 90.00 90.00 -90.00 -90.00 -90.00 -90.00 0.500 288.431
73 1.2250 30.0 280.0000 313.974 90.00 90.00 90.00 90.00 -90.00 -90.00 -90.00 -90.00 0.500 288.623
74 1.2250 40.0 280.0000 314.097 90.00 90.00 90.00 90.00 -90.00 -90.00 -90.00 -90.00 0.500 288.879
75 1.2250 50.0 280.0000 314.195 90.00 90.00 90.00 90.00 -90.00 -90.00 -90.00 -90.00 0.500 289.083
76 1.2250 60.0 280.0000 314.181 90.00 90.00 90.00 90.00 -90.00 -90.00 -90.00 -90.00 0.500 289.054
77 1.2250 70.0 280.0000 313.981 90.00 90.00 90.00 90.00 -90.00 -90.00 -90.00 -90.00 0.500 288.638
78 1.2250 80.0 280.0000 313.615 90.00 90.00 90.00 90.00 -90.00 -90.00 -90.00 -90.00 0.500 287.873
79 1.2250 90.0 280.0000 313.322 90.00 90.00 90.00 90.00 -90.00 -90.00 -90.00 -90.00 0.500 287.259
80 1.2500 0.0 280.0000 316.662 90.00 90.00 90.00 90.00 -90.00 -90.00 -90.00 -90.00 0.500 294.241
81 1.2500 10.0 280.0000 316.653 90.00 90.00 90.00 90.00 -90.00 -90.00 -90.00 -90.00 0.500 294.222
82 1.2500 20.0 280.0000 316.699 90.00 90.00 90.00 90.00 -90.00 -90.00 -90.00 -90.00 0.500 294.318
83 1.2500 30.0 280.0000 316.793 90.00 90.00 90.00 90.00 -90.00 -90.00 -90.00 -90.00 0.500 294.513
84 1.2500 40.0 280.0000 316.918 90.00 90.00 90.00 90.00 -90.00 -90.00 -90.00 -90.00 0.500 294.774
85 1.2500 50.0 280.0000 317.018 90.00 90.00 90.00 90.00 -90.00 -90.00 -90.00 -90.00 0.500 294.983
86 1.2500 60.0 280.0000 317.003 90.00 90.00 90.00 90.00 -90.00 -90.00 -90.00 -90.00 0.500 294.953
87 1.2500 70.0 280.0000 316.800 90.00 90.00 90.00 90.00 -90.00 -90.00 -90.00 -90.00 0.500 294.528
88 1.2500 80.0 280.0000 316.426 90.00 90.00 90.00 90.00 -90.00 -90.00 -90.00 -90.00 0.500 293.748
89 1.2500 90.0 280.0000 316.127 90.00 90.00 90.00 90.00 -90.00 -90.00 -90.00 -90.00 0.500 293.122
90 1.2750 0.0 280.0000 319.478 90.00 90.00 90.00 90.00 -90.00 -90.00 -90.00 -90.00 0.500 300.125
91 1.2750 10.0 280.0000 319.469 90.00 90.00 90.00 90.00 -90.00 -90.00 -90.00 -90.00 0.500 300.106
92 1.2750 20.0 280.0000 319.516 90.00 90.00 90.00 90.00 -90.00 -90.00 -90.00 -90.00 0.500 300.204
93 1.2750 30.0 280.0000 319.611 90.00 90.00 90.00 90.00 -90.00 -90.00 -90.00 -90.00 0.500 300.404
94 1.2750 40.0 280.0000 319.738 90.00 90.00 90.00 90.00 -90.00 -90.00 -90.00 -90.00 0.500 300.670
95 1.2750 50.0 280.0000 319.840 90.00 90.00 90.00 90.00 -90.00 -90.00 -90.00 -90.00 0.500 300.883
96 1.2750 60.0 280.0000 319.826 90.00 90.00 90.00 90.00 -90.00 -90.00 -90.00 -90.00 0.500 300.852
97 1.2750 70.0 280.0000 319.618 90.00 90.00 90.00 90.00 -90.00 -90.00 -90.00 -90.00 0.500 300.419
98 1.2750 80.0 280.0000 319.237 90.00 90.00 90.00 90.00 -90.00 -90.00 -90.00 -90.00 0.500 299.623
99 1.2750 90.0 280.0000 318.932 90.00 90.00 90.00 90.00 -90.00 -90.00 -90.00 -90.00 0.500 298.984
100 1.3000 0.0 280.0000 322.294 90.00 90.00 90.00 90.00 -90.00 -90.00 -90.00 -90.00 0.500 306.010
101 1.3000 10.0 280.0000 322.284 90.00 90.00 90.00 90.00 -90.00 -90.00 -90.00 -90.00 0.500 305.990
102 1.3000 20.0 280.0000 322.332 90.00 90.00 90.00 90.00 -90.00 -90.00 -90.00 -90.00 0.500 306.090
103 1.3000 30.0 280.0000 322.429 90.00 90.00 90.00 90.00 -90.00 -90.00 -90.00 -90.00 0.500 306.294
104 1.3000 40.0 280.0000 322.559 90.00 90.00 90.00 90.00 -90.00 -90.00 -90.00 -90.00 0.500 306.565
105 1.3000 50.0 280.0000 322.663 90.00 90.00 90.00 90.00 -90.00 -90.00 -90.00 -90.00 0.500 306.782
106 1.3000 60.0 280.0000 322.648 90.00 90.00 90.00 90.00 -90.00 -90.00 -90.00 -90.00 0.500 306.751
107 1.3000 70.0 280.0000 322.437 90.00 90.00 90.00 90.00 -90.00 -90.00 -90.00 -90.00 0.500 306.309
108 1.3000 80.0 280.0000 322.048 90.00 90.00 90.00 90.00 -90.00 -90.00 -90.00 -90.00 0.500 305.498
109 1.3000 90.0 280.0000 321.737 90.00 90.00 90.00 90.00 -90.00 -90.00 -90.00 -90.00 0.500 304.846
110 1.3250 0.0 280.0000 325.109 90.00 90.00 90.00 90.00 -90.00 -90.00 -90.00 -90.00 0.500 311.895
111 1.3250 10.0 280.0000 325.100 90.00 90.00 90.00 90.00 -90.00 -90.00 -90.00 -90.00 0.500 311.875
112 1.3250 20.0 280.0000 325.148 90.00 90.00 90.00 90.00 -90.00 -90.00 -90.00 -90.00 0.500 311.977
113 1.3250 30.0 280.0000 325.248 90.00 90.00 90.00 90.00 -90.00 -90.00 -90.00 -90.00 0.500 312.184
114 1.3250 40.0 280.0000 325.380 90.00 90.00 90.00 90.00 -90.00 -90.00 -90.00 -90.00 0.500 312.461
115 1.3250 50.0 280.0000 325.486 90.00 90.00 90.00 90.00 -90.00 -90.00 -90.00 -90.00 0.500 312.682
116 1.3250 60.0 280.0000 325.471 90.00 90.00 90.00 90.00 -90.00 -90.00 -90.00 -90.00 0.500 312.650
117 1.3250 70.0 280.0000 325.255 90.00 90.00 90.00 90.00 -90.00 -90.00 -90.00 -90.00 0.500 312.200
118 1.3250 80.0 280.0000 324.859 90.00 90.00 90.00 90.00 -90.00 -90.00 -90.00 -90.00 0.500 311.373
119 1.3250 90.0 280.0000 324.542 90.00 90.00 90.00 90.00 -90.00 -90.00 -90.00 -90.00 0.500 310.709
120 1.3500 0.0 280.0000 327.925 90.00 90.00 90.00 90.00 -90.00 -90.00 -90.00 -90.00 0.500 317.780
121 1.3500 10.0 280.0000 327.915 90.00 90.00 90.00 90.00 -90.00 -90.00 -90.00 -90.00 0.500 317.759
122 1.3500 20.0 280.0000 327.965 90.00 90.00 90.00 90.00 -90.00 -90.00 -90.00 -90.00 0.500 317.863
123 1.3500 30.0 280.0000 328.066 90.00 90.00 90.00 90.00 -90.00 -90.00 -90.00 -90.00 0.500 318.074
124 1.3500 40.0 280.0000 328.201 90.00 90.00 90.00 90.00 -90.00 -90.00 -90.00 -90.00 0.500 318.356
125 1.3500 50.0 280.0000 328.309 90.00 90.00 90.00 90.00 -90.00 -90.00 -90.00 -90.00 0.500 318.582
126 1.3500 60.0 280.0000 328.293 90.00 90.00 90.00 90.00 -90.00 -90.00 -90.00 -90.00 0.500 318.549
127 1.3500 70.0 280.0000 328.074 90.00 90.00 90.00 90.00 -90.00 -90.00 -90.00 -90.00 0.500 318.090
128 1.3500 80.0 280.0000 327.670 90.00 90.00 90.00 90.00 -90.00 -90.00 -90.00 -90.00 0.500 317.248
129 1.3500 90.0 280.0000 327.347 90.00 90.00 90.00 90.00 -90.00 -90.00 -90.00 -90.00 0.500 316.571
130 1.3750 0.0 280.0000 330.741 90.00 90.00 90.00 90.00 -90.00 -90.00 -90.00 -90.00 0.500 323.665
131 1.3750 10.0 280.0000 330.731 90.00 90.00 90.00 90.00 -90.00 -90.00 -90.00 -90.00 0.500 323.644
132 1.3750 20.0 280.0000 330.781 90.00 90.00 90.00 90.00 -90.00 -90.00 -90.00 -90.00 0.500 323.750
133 1.3750 30.0 280.0000 330.884 90.00 90.00 90.00 90.00 -90.00 -90.00 -90.00 -90.00 0.500 323.965
134 1.3750 40.0 280.0000 331.022 90.00 90.00 90.00 90.00 -90.00 -90.00 -90.00 -90.00 0.500 324.252
135 1.3750 50.0 280.0000 331.132 90.00 90.00 90.00 90.00 -90.00 -90.00 -90.00 -90.00 0.500 324.481
136 1.3750 60.0 280.0000 331.116 90.00 90.00 90.00 90.00 -90.00 -90.00 -90.00 -90.00 0.500 324.448
137 1.3750 70.0 280.0000 330.892 90.00 90.00 90.00 90.00 -90.00 -90.00 -90.00 -90.00 0.500 323.981
138 1.3750 80.0 280.0000 330.481 90.00 90.00 90.00 90.00 -90.00 -90.00 -90.00 -90.00 0.500 323.123
139 1.3750 90.0 280.0000 330.152 90.00 90.00 90.00 90.00 -90.00 -90.00 -90.00 -90.00 0.500 322.434
140 1.4000 0.0 280.0000 333.556 90.00 90.00 90.00 90.00 -90.00 -90.00 -90.00 -90.00 0.500 329.549
141 1.4000 10.0 280.0000 333.546 90.00 90.00 90.00 90.00 -90.00 -90.00 -90.00 -90.00 0.500 329.528
142 1.4000 20.0 280.0000 333.598 90.00 90.00 90.00 90.00 -90.00 -90.00 -90.00 -90.00 0.500 329.636
143 1.4000 30.0 280.0000 333.703 90.00 90.00 90.00 90.00 -90.00 -90.00 -90.00 -90.00 0.500 329.855
144 1.4000 40.0 280.0000 333.843 90.00 90.00 90.00 90.00 -90.00 -90.00 -90.00 -90.00 0.500 330.147
145 1.4000 50.0 280.0000 333.954 90.00 90.00 90.00 90.00 -90.00 -90.00 -90.00 -90.00 0.500 330.381
146 1.4000 60.0 280.0000 333.938 90.00 90.00 90.00 90.00 -90.00 -90.00 -90.00 -90.00 0.500 330.348
147 1.4000 70.0 280.0000 333.711 90.00 90.00 90.00 90.00 -90.00 -90.00 -90.00 -90.00 0.500 329.872
148 1.4000 80.0 280.0000 333.292 90.00 90.00 90.00 90.00 -90.00 -90.00 -90.00 -90.00 0.500 328.998
149 1.4000 90.0 280.0000 332.957 90.00 90.00 90.00 90.00 -90.00 -90.00 -90.00 -90.00 0.500 328.296
150 1.4250 0.0 280.0000 336.372 90.00 90.00 90.00 90.00 -90.00 -90.00 -90.00 -90.00 0.500 335.434
151 1.4250 10.0 280.0000 336.362 90.00 90.00 90.00 90.00 -90.00 -90.00 -90.00 -90.00 0.500 335.412
152 1.4250 20.0 280.0000 336.414 90.00 90.00 90.00 90.00 -90.00 -90.00 -90.00 -90.00 0.500 335.522
153 1.4250 30.0 280.0000 336.521 90.00 90.00 90.00 90.00 -90.00 -90.00 -90.00 -90.00 0.500 335.745
154 1.4250 40.0 280.0000 336.663 90.00 90.00 90.00 90.00 -90.00 -90.00 -90.00 -90.00 0.500 336.043
155 1.4250 50.0 280.0000 336.777 90.00 90.00 90.00 90.00 -90.00 -90.00 -90.00 -90.00 0.500 336.281
156 1.4250 60.0 280.0000 336.761 90.00 90.00 90.00 90.00 -90.00 -90.00 -90.00 -90.00 0.500 336.247
157 1.4250 70.0 280.0000 336.529 90.00 90.00 90.00 90.00 -90.00 -90.00 -90.00 -90.00 0.500 335.762
158 1.4250 80.0 280.0000 336.103 90.00 90.00 90.00 90.00 -90.00 -90.00 -90.00 -90.00 0.500 334.873
159 1.4250 90.0 280.0000 335.762 90.00 90.00 90.00 90.00 -90.00 -90.00 -90.00 -90.00 0.500 334.159
160 1.4500 0.0 280.0000 339.188 90.00 90.00 90.00 90.00 -90.00 -90.00 -90.00 -90.00 0.500 341.319
161 1.4500 10.0 280.0000 339.177 90.00 90.00 90.00 90.00 -90.00 -90.00 -90.00 -90.00 0.500 341.297
162 1.4500 20.0 280.0000 339.231 90.00 90.00 90.00 90.00 -90.00 -90.00 -90.00 -90.00 0.500 341.409
163 1.4500 30.0 280.0000 339.339 90.00 90.00 90.00 90.00 -90.00 -90.00 -90.00 -90.00 0.500 341.636
164 1.4500 40.0 280.0000 339.484 90.00 90.00 90.00 90.00 -90.00 -90.00 -90.00 -90.00 0.500 341.938
165 1.4500 50.0 280.0000 339.600 90.00 90.00 90.00 90.00 -90.00 -90.00 -90.00 -90.00 0.500 342.180
166 1.4500 60.0 280.0000 339.583 90.00 90.00 90.00 90.00 -90.00 -90.00 -90.00 -90.00 0.500 342.146
167 1.4500 70.0 280.0000 339.347 90.00 90.00 90.00 90.00 -90.00 -90.00 -90.00 -90.00 0.500 341.653
168 1.4500 80.0 280.0000 338.914 90.00 90.00 90.00 90.00 -90.00 -90.00 -90.00 -90.00 0.500 340.747
169 1.4500 90.0 280.0000 338.567 90.00 90.00 90.00 90.00 -90.00 -90.00 -90.00 -90.00 0.500 340.021
170 1.4750 0.0 280.0000 342.004 90.00 90.00 90.00 90.00 -90.00 -90.00 -90.00 -90.00 0.500 347.204
171 1.4750 10.0 280.0000 341.993 90.00 90.00 90.00 90.00 -90.00 -90.00 -90.00 -90.00 0.500 347.181
172 1.4750 20.0 280.0000 342.047 90.00 90.00 90.00 90.00 -90.00 -90.00 -90.00 -90.00 0.500 347.295
173 1.4750 30.0 280.0000 342.158 90.00 90.00 90.00 90.00 -90.00 -90.00 -90.00 -90.00 0.500 347.526
174 1.4750 40.0 280.0000 342.305 90.00 90.00 90.00 90.00 -90.00 -90.00 -90.00 -90.00 0.500 347.834
175 1.4750 50.0 280.0000 342.423 90.00 90.00 90.00 90.00 -90.00 -90.00 -90.00 -90.00 0.500 348.080
176 1.4750 60.0 280.0000 342.406 90.00 90.00 90.00 90.00 -90.00 -90.00 -90.00 -90.00 0.500 348.045
177 1.4750 70.0 280.0000 342.166 90.00 90.00 90.00 90.00 -90.00 -90.00 -90.00 -90.00 0.500 347.543
178 1.4750 80.0 280.0000 341.725 90.00 90.00 90.00 90.00 -90.00 -90.00 -90.00 -90.00 0.500 346.622
179 1.4750 90.0 280.0000 341.372 90.00 90.00 90.00 90.00 -90.00 -90.00 -90.00 -90.00 0.500 345.883
180 1.5000 0.0 280.0000 344.819 90.00 90.00 90.00 90.00 -90.00 -90.00 -90.00 -90.00 0.500 353.089
181 1.5000 10.0 280.0000 344.808 90.00 90.00 90.00 90.00 -90.00 -90.00 -90.00 -90.00 0.500 353.066
182 1.5000 20.0 280.0000 344.864 90.00 90.00 90.00 90.00 -90.00 -90.00 -90.00 -90.00 0.500 353.181
183 1.5000 30.0 280.0000 344.976 90.00 90.00 90.00 90.00 -90.00 -90.00 -90.00 -90.00 0.500 353.416
184 1.5000 40.0 280.0000 345.126 90.00 90.00 90.00 90.00 -90.00 -90.00 -90.00 -90.00 0.500 353.729
185 1.5000 50.0 280.0000 345.246 90.00 90.00 90.00 90.00 -90.00 -90.00 -90.00 -90.00 0.500 353.980
186 1.5000 60.0 280.0000 345.228 90.00 90.00 90.00 90.00 -90.00 -90.00 -90.00 -90.00 0.500 353.944
187 1.5000 70.0 280.0000 344.984 90.00 90.00 90.00 90.00 -90.00 -90.00 -90.00 -90.00 0.500 353.434
188 1.5000 80.0 280.0000 344.536 90.00 90.00 90.00 90.00 -90.00 -90.00 -90.00 -90.00 0.500 352.497
189 1.5000 90.0 280.0000 344.177 90.00 90.00 90.00 90.00 -90.00 -90.00 -90.00 -90.00 0.500 351.746
