# Name of benchmark/experiment: Benchmark 3 (un-tuned, obliquity 60)
# Code: Shields-Bitz EBM, version 1.1.0
# Case number: 0
# Instellation (S_earth): 1.0000
# XCO2 (ppm): 280.0
# Obliquity (degrees): 60.0
# Cells have equal area. Asurf and ATOA are the same (no atmosphere) and are unweighted time means.
#
# Columns of data (annually averaged for last orbit)
# Lat Tsurf Asurf ATOA OLR
 -82.598  292.760 0.3528 0.3528  244.284
 -77.161  292.622 0.3518 0.3518  243.997
 -73.402  292.466 0.3509 0.3509  243.671
 -70.333  292.298 0.3499 0.3499  243.319
 -67.668  292.122 0.3490 0.3490  242.951
 -65.276  291.940 0.3481 0.3481  242.571
 -63.083  291.755 0.3472 0.3472  242.184
 -61.045  291.567 0.3463 0.3463  241.792
 -59.130  291.378 0.3454 0.3454  241.397
 -57.317  291.190 0.3446 0.3446  241.003
 -55.588  291.001 0.3437 0.3437  240.609
 -53.933  290.815 0.3429 0.3429  240.219
 -52.342  290.630 0.3421 0.3421  239.833
 -50.805  290.448 0.3413 0.3413  239.452
 -49.317  290.268 0.3406 0.3406  239.077
 -47.874  290.092 0.3398 0.3398  238.709
 -46.469  289.920 0.3391 0.3391  238.350
 -45.099  289.752 0.3384 0.3384  237.998
 -43.762  289.588 0.3377 0.3377  237.656
 -42.454  289.429 0.3370 0.3370  237.324
 -41.173  289.275 0.3363 0.3363  237.002
 -39.916  289.126 0.3357 0.3357  236.691
 -38.682  288.983 0.3350 0.3350  236.391
 -37.469  288.845 0.3344 0.3344  236.102
 -36.275  288.712 0.3338 0.3338  235.825
 -35.100  288.585 0.3332 0.3332  235.560
 -33.941  288.464 0.3327 0.3327  235.307
 -32.797  288.349 0.3321 0.3321  235.066
 -31.668  288.240 0.3316 0.3316  234.837
 -30.553  288.136 0.3311 0.3311  234.621
 -29.450  288.039 0.3306 0.3306  234.417
 -28.359  287.947 0.3301 0.3301  234.225
 -27.280  287.860 0.3296 0.3296  234.044
 -26.210  287.779 0.3292 0.3292  233.874
 -25.151  287.703 0.3287 0.3287  233.715
 -24.100  287.631 0.3283 0.3283  233.566
 -23.058  287.564 0.3279 0.3279  233.426
 -22.024  287.502 0.3275 0.3275  233.295
 -20.998  287.444 0.3272 0.3272  233.173
 -19.978  287.389 0.3268 0.3268  233.060
 -18.966  287.338 0.3265 0.3265  232.954
 -17.959  287.291 0.3262 0.3262  232.855
 -16.958  287.247 0.3259 0.3259  232.763
 -15.962  287.207 0.3256 0.3256  232.679
 -14.971  287.169 0.3253 0.3253  232.600
 -13.985  287.135 0.3251 0.3251  232.528
 -13.003  287.103 0.3248 0.3248  232.462
 -12.025  287.074 0.3246 0.3246  232.401
 -11.050  287.048 0.3244 0.3244  232.346
 -10.079  287.024 0.3242 0.3242  232.296
  -9.110  287.002 0.3241 0.3241  232.252
  -8.144  286.983 0.3239 0.3239  232.212
  -7.181  286.967 0.3238 0.3238  232.177
  -6.219  286.952 0.3237 0.3237  232.146
  -5.259  286.940 0.3236 0.3236  232.120
  -4.301  286.929 0.3235 0.3235  232.099
  -3.344  286.921 0.3234 0.3234  232.082
  -2.388  286.915 0.3234 0.3234  232.069
  -1.433  286.911 0.3233 0.3233  232.061
  -0.477  286.909 0.3233 0.3233  232.056
   0.477  286.909 0.3233 0.3233  232.056
   1.433  286.911 0.3233 0.3233  232.061
   2.388  286.915 0.3234 0.3234  232.069
   3.344  286.921 0.3234 0.3234  232.082
   4.301  286.929 0.3235 0.3235  232.099
   5.259  286.940 0.3236 0.3236  232.120
   6.219  286.952 0.3237 0.3237  232.146
   7.181  286.967 0.3238 0.3238  232.177
   8.144  286.983 0.3239 0.3239  232.212
   9.110  287.002 0.3241 0.3241  232.252
  10.079  287.024 0.3242 0.3242  232.296
  11.050  287.048 0.3244 0.3244  232.346
  12.025  287.074 0.3246 0.3246  232.401
  13.003  287.103 0.3248 0.3248  232.462
  13.985  287.135 0.3251 0.3251  232.528
  14.971  287.169 0.3253 0.3253  232.600
  15.962  287.207 0.3256 0.3256  232.679
  16.958  287.247 0.3259 0.3259  232.763
  17.959  287.291 0.3262 0.3262  232.855
  18.966  287.338 0.3265 0.3265  232.954
  19.978  287.389 0.3268 0.3268  233.060
  20.998  287.444 0.3272 0.3272  233.173
  22.024  287.502 0.3275 0.3275  233.295
  23.058  287.564 0.3279 0.3279  233.426
  24.100  287.631 0.3283 0.3283  233.566
  25.151  287.703 0.3287 0.3287  233.715
  26.210  287.779 0.3292 0.3292  233.874
  27.280  287.860 0.3296 0.3296  234.044
  28.359  287.947 0.3301 0.3301  234.225
  29.450  288.039 0.3306 0.3306  234.417
  30.553  288.136 0.3311 0.3311  234.621
  31.668  288.240 0.3316 0.3316  234.837
  32.797  288.349 0.3321 0.3321  235.066
  33.941  288.464 0.3327 0.3327  235.307
  35.100  288.585 0.3332 0.3332  235.560
  36.275  288.712 0.3338 0.3338  235.825
  37.469  288.845 0.3344 0.3344  236.102
  38.682  288.983 0.3350 0.3350  236.391
  39.916  289.126 0.3357 0.3357  236.691
  41.173  289.275 0.3363 0.3363  237.002
  42.454  289.429 0.3370 0.3370  237.324
  43.762  289.588 0.3377 0.3377  237.656
  45.099  289.752 0.3384 0.3384  237.998
  46.469  289.920 0.3391 0.3391  238.350
  47.874  290.092 0.3398 0.3398  238.709
  49.317  290.268 0.3406 0.3406  239.077
  50.805  290.448 0.3413 0.3413  239.452
  52.342  290.630 0.3421 0.3421  239.833
  53.933  290.815 0.3429 0.3429  240.219
  55.588  291.001 0.3437 0.3437  240.609
  57.317  291.190 0.3446 0.3446  241.003
  59.130  291.378 0.3454 0.3454  241.397
  61.045  291.567 0.3463 0.3463  241.792
  63.083  291.755 0.3472 0.3472  242.184
  65.276  291.940 0.3481 0.3481  242.571
  67.668  292.122 0.3490 0.3490  242.951
  70.333  292.298 0.3499 0.3499  243.319
  73.402  292.466 0.3509 0.3509  243.671
  77.161  292.622 0.3518 0.3518  243.997
  82.598  292.760 0.3528 0.3528  244.284
