# Name of benchmark/experiment: Benchmark 2 (un-tuned, obliquity 23.5)
# Code: Shields-Bitz EBM, version 1.1.0
# Case number: 0
# Instellation (S_earth): 1.0000
# XCO2 (ppm): 280.0
# Obliquity (degrees): 23.5
# Cells have equal area. Asurf and ATOA are the same (no atmosphere) and are unweighted time means.
#
# Columns of data (annually averaged for last orbit)
# Lat Tsurf Asurf ATOA OLR
 -82.598  255.242 0.5140 0.5140  165.872
 -77.161  256.609 0.5133 0.5133  168.729
 -73.402  257.977 0.5128 0.5128  171.588
 -70.333  259.344 0.5124 0.5124  174.446
 -67.668  260.712 0.5120 0.5120  177.304
 -65.276  262.080 0.5116 0.5116  180.163
 -63.083  263.449 0.5111 0.5111  183.025
 -61.045  264.819 0.5107 0.5107  185.888
 -59.130  266.157 0.5103 0.5103  188.685
 -57.317  267.428 0.5099 0.5099  191.341
 -55.588  268.925 0.4773 0.4773  194.469
 -53.933  270.572 0.4530 0.4530  197.912
 -52.342  272.170 0.4301 0.4301  201.252
 -50.805  273.698 0.4053 0.4053  204.445
 -49.317  275.122 0.3701 0.3701  207.422
 -47.874  276.343 0.3428 0.3428  209.972
 -46.469  277.490 0.3405 0.3405  212.370
 -45.099  278.592 0.3381 0.3381  214.673
 -43.762  279.652 0.3359 0.3359  216.889
 -42.454  280.673 0.3337 0.3337  219.022
 -41.173  281.655 0.3316 0.3316  221.076
 -39.916  282.602 0.3294 0.3294  223.056
 -38.682  283.515 0.3273 0.3273  224.963
 -37.469  284.395 0.3252 0.3252  226.802
 -36.275  285.243 0.3232 0.3232  228.574
 -35.100  286.060 0.3212 0.3212  230.282
 -33.941  286.848 0.3193 0.3193  231.928
 -32.797  287.606 0.3175 0.3175  233.514
 -31.668  288.337 0.3157 0.3157  235.040
 -30.553  289.040 0.3139 0.3139  236.509
 -29.450  289.716 0.3123 0.3123  237.922
 -28.359  290.365 0.3106 0.3106  239.280
 -27.280  290.989 0.3091 0.3091  240.584
 -26.210  291.588 0.3075 0.3075  241.835
 -25.151  292.162 0.3061 0.3061  243.034
 -24.100  292.711 0.3047 0.3047  244.182
 -23.058  293.236 0.3033 0.3033  245.279
 -22.024  293.737 0.3021 0.3021  246.326
 -20.998  294.214 0.3008 0.3008  247.324
 -19.978  294.668 0.2996 0.2996  248.273
 -18.966  295.099 0.2985 0.2985  249.174
 -17.959  295.508 0.2975 0.2975  250.028
 -16.958  295.894 0.2964 0.2964  250.834
 -15.962  296.257 0.2955 0.2955  251.593
 -14.971  296.598 0.2946 0.2946  252.306
 -13.985  296.917 0.2938 0.2938  252.973
 -13.003  297.214 0.2930 0.2930  253.594
 -12.025  297.490 0.2922 0.2922  254.170
 -11.050  297.744 0.2916 0.2916  254.700
 -10.079  297.976 0.2910 0.2910  255.186
  -9.110  298.187 0.2904 0.2904  255.626
  -8.144  298.376 0.2899 0.2899  256.022
  -7.181  298.544 0.2894 0.2894  256.374
  -6.219  298.691 0.2890 0.2890  256.681
  -5.259  298.817 0.2887 0.2887  256.944
  -4.301  298.922 0.2884 0.2884  257.163
  -3.344  299.006 0.2882 0.2882  257.338
  -2.388  299.068 0.2880 0.2880  257.469
  -1.433  299.110 0.2879 0.2879  257.557
  -0.477  299.131 0.2879 0.2879  257.600
   0.477  299.131 0.2879 0.2879  257.600
   1.433  299.110 0.2879 0.2879  257.556
   2.388  299.068 0.2880 0.2880  257.468
   3.344  299.005 0.2882 0.2882  257.336
   4.301  298.920 0.2884 0.2884  257.160
   5.259  298.815 0.2887 0.2887  256.941
   6.219  298.689 0.2890 0.2890  256.677
   7.181  298.542 0.2894 0.2894  256.369
   8.144  298.373 0.2899 0.2899  256.017
   9.110  298.184 0.2904 0.2904  255.620
  10.079  297.972 0.2910 0.2910  255.179
  11.050  297.740 0.2916 0.2916  254.693
  12.025  297.486 0.2922 0.2922  254.162
  13.003  297.210 0.2930 0.2930  253.585
  13.985  296.912 0.2938 0.2938  252.964
  14.971  296.593 0.2946 0.2946  252.296
  15.962  296.251 0.2955 0.2955  251.582
  16.958  295.888 0.2964 0.2964  250.822
  17.959  295.502 0.2975 0.2975  250.015
  18.966  295.093 0.2985 0.2985  249.161
  19.978  294.661 0.2996 0.2996  248.259
  20.998  294.207 0.3008 0.3008  247.308
  22.024  293.729 0.3021 0.3021  246.309
  23.058  293.227 0.3033 0.3033  245.261
  24.100  292.702 0.3047 0.3047  244.163
  25.151  292.152 0.3061 0.3061  243.015
  26.210  291.578 0.3075 0.3075  241.815
  27.280  290.979 0.3091 0.3091  240.562
  28.359  290.354 0.3106 0.3106  239.257
  29.450  289.704 0.3123 0.3123  237.898
  30.553  289.027 0.3139 0.3139  236.484
  31.668  288.324 0.3157 0.3157  235.013
  32.797  287.593 0.3175 0.3175  233.485
  33.941  286.833 0.3193 0.3193  231.898
  35.100  286.045 0.3212 0.3212  230.251
  36.275  285.227 0.3232 0.3232  228.541
  37.469  284.378 0.3252 0.3252  226.767
  38.682  283.497 0.3273 0.3273  224.926
  39.916  282.584 0.3294 0.3294  223.016
  41.173  281.635 0.3316 0.3316  221.035
  42.454  280.651 0.3337 0.3337  218.978
  43.762  279.630 0.3359 0.3359  216.842
  45.099  278.568 0.3381 0.3381  214.624
  46.469  277.464 0.3404 0.3404  212.317
  47.874  276.316 0.3428 0.3428  209.916
  49.317  275.092 0.3710 0.3710  207.358
  50.805  273.669 0.4056 0.4056  204.384
  52.342  272.128 0.4310 0.4310  201.163
  53.933  270.530 0.4535 0.4535  197.825
  55.588  268.887 0.4778 0.4778  194.391
  57.317  267.403 0.5099 0.5099  191.289
  59.130  266.130 0.5103 0.5103  188.629
  61.045  264.788 0.5107 0.5107  185.823
  63.083  263.420 0.5112 0.5112  182.965
  65.276  262.053 0.5116 0.5116  180.108
  67.668  260.687 0.5120 0.5120  177.253
  70.333  259.321 0.5124 0.5124  174.398
  73.402  257.955 0.5128 0.5128  171.542
  77.161  256.587 0.5133 0.5133  168.683
  82.598  255.220 0.5140 0.5140  165.827
