# Name of benchmark/experiment: Benchmark 3 (un-tuned, obliquity 60)
# Code: Shields-Bitz EBM, version 1.1.0
# Case number: 0
# Instellation (S_earth): 1.0000
# XCO2 (ppm): 280.0
# Obliquity (degrees): 60.0
# Cells have equal area. Asurf and ATOA are the same (no atmosphere) and are unweighted time means.
#
# Columns of data (annually averaged for last orbit)
# Lat Tsurf Asurf ATOA OLR
 -82.598  306.633 0.2250 0.2250  273.278
 -77.161  306.352 0.2250 0.2250  272.693
 -73.402  306.078 0.2250 0.2250  272.120
 -70.333  305.810 0.2250 0.2250  271.560
 -67.668  305.549 0.2250 0.2250  271.013
 -65.276  305.293 0.2250 0.2250  270.480
 -63.083  305.045 0.2250 0.2250  269.960
 -61.045  304.803 0.2250 0.2250  269.454
 -59.130  304.567 0.2250 0.2250  268.962
 -57.317  304.338 0.2250 0.2250  268.484
 -55.588  304.116 0.2250 0.2250  268.020
 -53.933  303.901 0.2250 0.2250  267.570
 -52.342  303.693 0.2250 0.2250  267.134
 -50.805  303.491 0.2250 0.2250  266.713
 -49.317  303.297 0.2250 0.2250  266.307
 -47.874  303.109 0.2250 0.2250  265.915
 -46.469  302.929 0.2250 0.2250  265.538
 -45.099  302.756 0.2250 0.2250  265.176
 -43.762  302.590 0.2250 0.2250  264.830
 -42.454  302.431 0.2250 0.2250  264.498
 -41.173  302.280 0.2250 0.2250  264.181
 -39.916  302.135 0.2250 0.2250  263.879
 -38.682  301.998 0.2250 0.2250  263.593
 -37.469  301.868 0.2250 0.2250  263.322
 -36.275  301.746 0.2250 0.2250  263.065
 -35.100  301.630 0.2250 0.2250  262.824
 -33.941  301.522 0.2250 0.2250  262.598
 -32.797  301.421 0.2250 0.2250  262.387
 -31.668  301.327 0.2250 0.2250  262.190
 -30.553  301.240 0.2250 0.2250  262.008
 -29.450  301.159 0.2250 0.2250  261.839
 -28.359  301.085 0.2250 0.2250  261.684
 -27.280  301.017 0.2250 0.2250  261.542
 -26.210  300.955 0.2250 0.2250  261.412
 -25.151  300.898 0.2250 0.2250  261.292
 -24.100  300.846 0.2250 0.2250  261.184
 -23.058  300.798 0.2250 0.2250  261.085
 -22.024  300.755 0.2250 0.2250  260.995
 -20.998  300.716 0.2250 0.2250  260.913
 -19.978  300.681 0.2250 0.2250  260.840
 -18.966  300.649 0.2250 0.2250  260.773
 -17.959  300.620 0.2250 0.2250  260.713
 -16.958  300.594 0.2250 0.2250  260.659
 -15.962  300.571 0.2250 0.2250  260.610
 -14.971  300.550 0.2250 0.2250  260.567
 -13.985  300.532 0.2250 0.2250  260.528
 -13.003  300.515 0.2250 0.2250  260.493
 -12.025  300.501 0.2250 0.2250  260.463
 -11.050  300.488 0.2250 0.2250  260.436
 -10.079  300.476 0.2250 0.2250  260.412
  -9.110  300.466 0.2250 0.2250  260.391
  -8.144  300.458 0.2250 0.2250  260.373
  -7.181  300.450 0.2250 0.2250  260.358
  -6.219  300.444 0.2250 0.2250  260.344
  -5.259  300.439 0.2250 0.2250  260.333
  -4.301  300.434 0.2250 0.2250  260.325
  -3.344  300.431 0.2250 0.2250  260.318
  -2.388  300.429 0.2250 0.2250  260.312
  -1.433  300.427 0.2250 0.2250  260.309
  -0.477  300.426 0.2250 0.2250  260.307
   0.477  300.426 0.2250 0.2250  260.307
   1.433  300.427 0.2250 0.2250  260.309
   2.388  300.429 0.2250 0.2250  260.312
   3.344  300.431 0.2250 0.2250  260.318
   4.301  300.434 0.2250 0.2250  260.325
   5.259  300.439 0.2250 0.2250  260.333
   6.219  300.444 0.2250 0.2250  260.344
   7.181  300.450 0.2250 0.2250  260.358
   8.144  300.458 0.2250 0.2250  260.373
   9.110  300.466 0.2250 0.2250  260.391
  10.079  300.476 0.2250 0.2250  260.412
  11.050  300.488 0.2250 0.2250  260.436
  12.025  300.501 0.2250 0.2250  260.463
  13.003  300.515 0.2250 0.2250  260.493
  13.985  300.532 0.2250 0.2250  260.528
  14.971  300.550 0.2250 0.2250  260.567
  15.962  300.571 0.2250 0.2250  260.610
  16.958  300.594 0.2250 0.2250  260.659
  17.959  300.620 0.2250 0.2250  260.713
  18.966  300.649 0.2250 0.2250  260.773
  19.978  300.681 0.2250 0.2250  260.840
  20.998  300.716 0.2250 0.2250  260.913
  22.024  300.755 0.2250 0.2250  260.995
  23.058  300.798 0.2250 0.2250  261.085
  24.100  300.846 0.2250 0.2250  261.184
  25.151  300.898 0.2250 0.2250  261.292
  26.210  300.955 0.2250 0.2250  261.412
  27.280  301.017 0.2250 0.2250  261.542
  28.359  301.085 0.2250 0.2250  261.684
  29.450  301.159 0.2250 0.2250  261.839
  30.553  301.240 0.2250 0.2250  262.008
  31.668  301.327 0.2250 0.2250  262.190
  32.797  301.421 0.2250 0.2250  262.387
  33.941  301.522 0.2250 0.2250  262.598
  35.100  301.630 0.2250 0.2250  262.824
  36.275  301.746 0.2250 0.2250  263.065
  37.469  301.868 0.2250 0.2250  263.322
  38.682  301.998 0.2250 0.2250  263.593
  39.916  302.135 0.2250 0.2250  263.879
  41.173  302.280 0.2250 0.2250  264.181
  42.454  302.431 0.2250 0.2250  264.498
  43.762  302.590 0.2250 0.2250  264.830
  45.099  302.756 0.2250 0.2250  265.176
  46.469  302.929 0.2250 0.2250  265.538
  47.874  303.109 0.2250 0.2250  265.915
  49.317  303.297 0.2250 0.2250  266.307
  50.805  303.491 0.2250 0.2250  266.713
  52.342  303.693 0.2250 0.2250  267.134
  53.933  303.901 0.2250 0.2250  267.570
  55.588  304.116 0.2250 0.2250  268.020
  57.317  304.338 0.2250 0.2250  268.484
  59.130  304.567 0.2250 0.2250  268.962
  61.045  304.803 0.2250 0.2250  269.454
  63.083  305.045 0.2250 0.2250  269.960
  65.276  305.293 0.2250 0.2250  270.480
  67.668  305.549 0.2250 0.2250  271.013
  70.333  305.810 0.2250 0.2250  271.560
  73.402  306.078 0.2250 0.2250  272.120
  77.161  306.352 0.2250 0.2250  272.693
  82.598  306.633 0.2250 0.2250  273.278
