# Name of benchmark/experiment: Experiment 2 (G dwarf, cold start)
# Code: Shields-Bitz EBM (EBM_one_file.py, https://github.com/astrovidee/EBM), version 1.1.0
# Grid: 120 cells of equal area (evenly spaced in sin latitude). Global means are plain means over cells.
# Surfaces: separate land and ocean temperatures at each latitude; thermodynamic sea ice.
# Albedo: constant surface albedos, land 0.3, ocean 0.2, ice 0.6 (protocol Table 4), with no
#   zenith-angle term. Land and ocean take the ice value at or below -2 C. The model has no atmosphere, so
#   Asurf and ATOA are the same. Both are unweighted time means over the final orbit.
# Longwave: A + B*T with T in deg C. No CO2 term (see the Experiment 4 header for how CO2 is handled there).
# Sea ice has no heat capacity in this model (the protocol lists 1e7 J m^-2 K^-1).
# Every case starts from the prescribed warm or cold state. No case continues from another.
#   Warm start: 7.5 + 20*(1 - 2*sin(lat)^2) deg C. Cold start: 40 deg C colder, with 2 m of sea ice.
# Run length: 100 orbits of 360 steps; a case whose global mean still changed by more than
#   0.01 K over its final orbit was rerun for 400 orbits.
# Diffusion: constant D. Heat capacities: land 1e+07, ocean 4e+08 J m^-2 K^-1.
# Land: Fillet. Instellation unit: 1361 W m^-2.
# Convergence: largest change in Tglob over the final orbit 2.1e-02 K; largest north-south difference in annual-mean temperature 2.9e-01 K; 2 of 190 cases rerun for longer.
# Describe how ice line latitude is determined: from the model's own ice. Sea: sea ice thickness above zero
#   for at least half of the final orbit. Land: land temperature at or below -2 C, where the land albedo
#   switches to ice, for at least half of the final orbit. Edges lie on the boundaries between cells.
# Ice-free convention: NMax = NMin = 90 and SMax = SMin = -90.
#
# Columns: Inst (S_earth), Obl (deg), XCO2 (ppm), Tglob (K), ice edges (deg), Diff (W m^-2 K^-1), OLRglob (W m^-2)
# Case Inst Obl XCO2 Tglob IceLineNMaxLand IceLineNMinLand IceLineNMaxSea IceLineNMinSea IceLineSMaxLand IceLineSMinLand IceLineSMaxSea IceLineSMinSea Diff OLRglob
0 1.0500 0.0 280.0000 245.013 90.00 0.00 90.00 0.00 0.00 -90.00 0.00 -90.00 0.500 144.493
1 1.0500 10.0 280.0000 245.001 90.00 0.00 90.00 0.00 0.00 -90.00 0.00 -90.00 0.500 144.468
2 1.0500 20.0 280.0000 245.000 90.00 0.00 90.00 0.00 0.00 -90.00 0.00 -90.00 0.500 144.467
3 1.0500 30.0 280.0000 247.547 90.00 0.00 90.00 0.00 0.00 -90.00 0.00 -90.00 0.500 149.790
4 1.0500 40.0 280.0000 249.063 90.00 0.00 90.00 0.00 0.00 -90.00 0.00 -90.00 0.500 152.958
5 1.0500 50.0 280.0000 250.731 90.00 0.00 90.00 0.00 0.00 -90.00 0.00 -90.00 0.500 156.445
6 1.0500 60.0 280.0000 253.865 90.00 0.00 75.16 0.00 0.00 -90.00 0.00 -75.16 0.500 162.994
7 1.0500 70.0 280.0000 257.254 90.00 0.00 62.05 0.00 0.00 -90.00 0.00 -62.05 0.500 170.077
8 1.0500 80.0 280.0000 308.354 90.00 90.00 90.00 90.00 -90.00 -90.00 -90.00 -90.00 0.500 276.876
9 1.0500 90.0 280.0000 308.354 90.00 90.00 90.00 90.00 -90.00 -90.00 -90.00 -90.00 0.500 276.876
10 1.0750 0.0 280.0000 246.617 90.00 0.00 90.00 0.00 0.00 -90.00 0.00 -90.00 0.500 147.845
11 1.0750 10.0 280.0000 246.604 90.00 0.00 90.00 0.00 0.00 -90.00 0.00 -90.00 0.500 147.819
12 1.0750 20.0 280.0000 246.604 90.00 0.00 90.00 0.00 0.00 -90.00 0.00 -90.00 0.500 147.819
13 1.0750 30.0 280.0000 249.804 90.00 0.00 90.00 0.00 0.00 -90.00 0.00 -90.00 0.500 154.508
14 1.0750 40.0 280.0000 251.262 90.00 0.00 90.00 0.00 0.00 -90.00 0.00 -90.00 0.500 157.554
15 1.0750 50.0 280.0000 253.638 90.00 0.00 90.00 0.00 0.00 -90.00 0.00 -90.00 0.500 162.519
16 1.0750 60.0 280.0000 257.552 90.00 0.00 66.44 0.00 0.00 -90.00 0.00 -66.44 0.500 170.701
17 1.0750 70.0 280.0000 311.508 90.00 90.00 90.00 90.00 -90.00 -90.00 -90.00 -90.00 0.500 283.469
18 1.0750 80.0 280.0000 311.508 90.00 90.00 90.00 90.00 -90.00 -90.00 -90.00 -90.00 0.500 283.469
19 1.0750 90.0 280.0000 311.508 90.00 90.00 90.00 90.00 -90.00 -90.00 -90.00 -90.00 0.500 283.469
20 1.1000 0.0 280.0000 248.220 90.00 0.00 90.00 0.00 0.00 -90.00 0.00 -90.00 0.500 151.195
21 1.1000 10.0 280.0000 248.207 90.00 0.00 90.00 0.00 0.00 -90.00 0.00 -90.00 0.500 151.169
22 1.1000 20.0 280.0000 248.207 90.00 0.00 90.00 0.00 0.00 -90.00 0.00 -90.00 0.500 151.169
23 1.1000 30.0 280.0000 252.141 90.00 0.00 90.00 0.00 0.00 -90.00 0.00 -90.00 0.500 159.392
24 1.1000 40.0 280.0000 253.534 90.00 0.00 90.00 0.00 0.00 -90.00 0.00 -90.00 0.500 162.302
25 1.1000 50.0 280.0000 257.250 90.00 0.00 79.52 0.00 0.00 -90.00 0.00 -79.52 0.500 170.070
26 1.1000 60.0 280.0000 314.663 90.00 90.00 90.00 90.00 -90.00 -90.00 -90.00 -90.00 0.500 290.062
27 1.1000 70.0 280.0000 314.663 90.00 90.00 90.00 90.00 -90.00 -90.00 -90.00 -90.00 0.500 290.061
28 1.1000 80.0 280.0000 314.662 90.00 90.00 90.00 90.00 -90.00 -90.00 -90.00 -90.00 0.500 290.061
29 1.1000 90.0 280.0000 314.662 90.00 90.00 90.00 90.00 -90.00 -90.00 -90.00 -90.00 0.500 290.061
30 1.1250 0.0 280.0000 249.821 90.00 0.00 90.00 0.00 0.00 -90.00 0.00 -90.00 0.500 154.543
31 1.1250 10.0 280.0000 249.808 90.00 0.00 90.00 0.00 0.00 -90.00 0.00 -90.00 0.500 154.516
32 1.1250 20.0 280.0000 249.809 90.00 0.00 90.00 0.00 0.00 -90.00 0.00 -90.00 0.500 154.517
33 1.1250 30.0 280.0000 254.648 90.00 0.00 90.00 0.00 0.00 -90.00 0.00 -90.00 0.500 164.631
34 1.1250 40.0 280.0000 256.252 90.00 0.00 90.00 0.00 0.00 -90.00 0.00 -90.00 0.500 167.984
35 1.1250 50.0 280.0000 262.375 90.00 0.00 64.16 0.00 0.00 -90.00 0.00 -64.16 0.500 180.780
36 1.1250 60.0 280.0000 317.817 90.00 90.00 90.00 90.00 -90.00 -90.00 -90.00 -90.00 0.500 296.654
37 1.1250 70.0 280.0000 317.817 90.00 90.00 90.00 90.00 -90.00 -90.00 -90.00 -90.00 0.500 296.654
38 1.1250 80.0 280.0000 317.817 90.00 90.00 90.00 90.00 -90.00 -90.00 -90.00 -90.00 0.500 296.653
39 1.1250 90.0 280.0000 317.817 90.00 90.00 90.00 90.00 -90.00 -90.00 -90.00 -90.00 0.500 296.653
40 1.1500 0.0 280.0000 251.422 90.00 0.00 90.00 0.00 0.00 -90.00 0.00 -90.00 0.500 157.887
41 1.1500 10.0 280.0000 251.409 90.00 0.00 90.00 0.00 0.00 -90.00 0.00 -90.00 0.500 157.861
42 1.1500 20.0 280.0000 254.583 90.00 0.00 90.00 0.00 0.00 -90.00 0.00 -90.00 0.500 164.496
43 1.1500 30.0 280.0000 259.004 90.00 0.00 90.00 0.00 0.00 -90.00 0.00 -90.00 0.500 173.735
44 1.1500 40.0 280.0000 320.972 90.00 90.00 90.00 90.00 -90.00 -90.00 -90.00 -90.00 0.500 303.248
45 1.1500 50.0 280.0000 320.972 90.00 90.00 90.00 90.00 -90.00 -90.00 -90.00 -90.00 0.500 303.247
46 1.1500 60.0 280.0000 320.971 90.00 90.00 90.00 90.00 -90.00 -90.00 -90.00 -90.00 0.500 303.247
47 1.1500 70.0 280.0000 320.971 90.00 90.00 90.00 90.00 -90.00 -90.00 -90.00 -90.00 0.500 303.246
48 1.1500 80.0 280.0000 320.971 90.00 90.00 90.00 90.00 -90.00 -90.00 -90.00 -90.00 0.500 303.246
49 1.1500 90.0 280.0000 320.971 90.00 90.00 90.00 90.00 -90.00 -90.00 -90.00 -90.00 0.500 303.246
50 1.1750 0.0 280.0000 253.020 90.00 0.00 90.00 0.00 0.00 -90.00 0.00 -90.00 0.500 161.229
51 1.1750 10.0 280.0000 253.007 90.00 0.00 90.00 0.00 0.00 -90.00 0.00 -90.00 0.500 161.202
52 1.1750 20.0 280.0000 261.411 90.00 22.54 90.00 0.00 -22.54 -90.00 0.00 -90.00 0.500 178.765
53 1.1750 30.0 280.0000 262.162 90.00 25.68 90.00 0.00 -25.68 -90.00 0.00 -90.00 0.500 180.336
54 1.1750 40.0 280.0000 324.126 90.00 90.00 90.00 90.00 -90.00 -90.00 -90.00 -90.00 0.500 309.841
55 1.1750 50.0 280.0000 324.126 90.00 90.00 90.00 90.00 -90.00 -90.00 -90.00 -90.00 0.500 309.840
56 1.1750 60.0 280.0000 324.126 90.00 90.00 90.00 90.00 -90.00 -90.00 -90.00 -90.00 0.500 309.839
57 1.1750 70.0 280.0000 324.125 90.00 90.00 90.00 90.00 -90.00 -90.00 -90.00 -90.00 0.500 309.838
58 1.1750 80.0 280.0000 324.125 90.00 90.00 90.00 90.00 -90.00 -90.00 -90.00 -90.00 0.500 309.838
59 1.1750 90.0 280.0000 324.125 90.00 90.00 90.00 90.00 -90.00 -90.00 -90.00 -90.00 0.500 309.838
60 1.2000 0.0 280.0000 254.617 90.00 0.00 90.00 0.00 0.00 -90.00 0.00 -90.00 0.500 164.566
61 1.2000 10.0 280.0000 254.604 90.00 0.00 90.00 0.00 0.00 -90.00 0.00 -90.00 0.500 164.539
62 1.2000 20.0 280.0000 327.283 90.00 90.00 90.00 90.00 -90.00 -90.00 -90.00 -90.00 0.500 316.437
63 1.2000 30.0 280.0000 327.282 90.00 90.00 90.00 90.00 -90.00 -90.00 -90.00 -90.00 0.500 316.435
64 1.2000 40.0 280.0000 327.281 90.00 90.00 90.00 90.00 -90.00 -90.00 -90.00 -90.00 0.500 316.433
65 1.2000 50.0 280.0000 327.280 90.00 90.00 90.00 90.00 -90.00 -90.00 -90.00 -90.00 0.500 316.432
66 1.2000 60.0 280.0000 327.280 90.00 90.00 90.00 90.00 -90.00 -90.00 -90.00 -90.00 0.500 316.431
67 1.2000 70.0 280.0000 327.279 90.00 90.00 90.00 90.00 -90.00 -90.00 -90.00 -90.00 0.500 316.431
68 1.2000 80.0 280.0000 327.279 90.00 90.00 90.00 90.00 -90.00 -90.00 -90.00 -90.00 0.500 316.430
69 1.2000 90.0 280.0000 327.279 90.00 90.00 90.00 90.00 -90.00 -90.00 -90.00 -90.00 0.500 316.430
70 1.2250 0.0 280.0000 256.211 90.00 0.00 90.00 0.00 0.00 -90.00 0.00 -90.00 0.500 167.897
71 1.2250 10.0 280.0000 256.198 90.00 0.00 90.00 0.00 0.00 -90.00 0.00 -90.00 0.500 167.871
72 1.2250 20.0 280.0000 330.437 90.00 90.00 90.00 90.00 -90.00 -90.00 -90.00 -90.00 0.500 323.030
73 1.2250 30.0 280.0000 330.436 90.00 90.00 90.00 90.00 -90.00 -90.00 -90.00 -90.00 0.500 323.027
74 1.2250 40.0 280.0000 330.435 90.00 90.00 90.00 90.00 -90.00 -90.00 -90.00 -90.00 0.500 323.026
75 1.2250 50.0 280.0000 330.434 90.00 90.00 90.00 90.00 -90.00 -90.00 -90.00 -90.00 0.500 323.024
76 1.2250 60.0 280.0000 330.434 90.00 90.00 90.00 90.00 -90.00 -90.00 -90.00 -90.00 0.500 323.024
77 1.2250 70.0 280.0000 330.434 90.00 90.00 90.00 90.00 -90.00 -90.00 -90.00 -90.00 0.500 323.023
78 1.2250 80.0 280.0000 330.434 90.00 90.00 90.00 90.00 -90.00 -90.00 -90.00 -90.00 0.500 323.023
79 1.2250 90.0 280.0000 330.434 90.00 90.00 90.00 90.00 -90.00 -90.00 -90.00 -90.00 0.500 323.023
80 1.2500 0.0 280.0000 257.801 90.00 0.00 90.00 0.00 0.00 -90.00 0.00 -90.00 0.500 171.222
81 1.2500 10.0 280.0000 333.596 90.00 90.00 90.00 90.00 -90.00 -90.00 -90.00 -90.00 0.500 329.632
82 1.2500 20.0 280.0000 333.591 90.00 90.00 90.00 90.00 -90.00 -90.00 -90.00 -90.00 0.500 329.622
83 1.2500 30.0 280.0000 333.590 90.00 90.00 90.00 90.00 -90.00 -90.00 -90.00 -90.00 0.500 329.620
84 1.2500 40.0 280.0000 333.589 90.00 90.00 90.00 90.00 -90.00 -90.00 -90.00 -90.00 0.500 329.618
85 1.2500 50.0 280.0000 333.589 90.00 90.00 90.00 90.00 -90.00 -90.00 -90.00 -90.00 0.500 329.617
86 1.2500 60.0 280.0000 333.588 90.00 90.00 90.00 90.00 -90.00 -90.00 -90.00 -90.00 0.500 329.616
87 1.2500 70.0 280.0000 333.588 90.00 90.00 90.00 90.00 -90.00 -90.00 -90.00 -90.00 0.500 329.615
88 1.2500 80.0 280.0000 333.588 90.00 90.00 90.00 90.00 -90.00 -90.00 -90.00 -90.00 0.500 329.615
89 1.2500 90.0 280.0000 333.588 90.00 90.00 90.00 90.00 -90.00 -90.00 -90.00 -90.00 0.500 329.615
90 1.2750 0.0 280.0000 259.386 90.00 0.00 90.00 0.00 0.00 -90.00 0.00 -90.00 0.500 174.534
91 1.2750 10.0 280.0000 336.750 90.00 90.00 90.00 90.00 -90.00 -90.00 -90.00 -90.00 0.500 336.225
92 1.2750 20.0 280.0000 336.746 90.00 90.00 90.00 90.00 -90.00 -90.00 -90.00 -90.00 0.500 336.215
93 1.2750 30.0 280.0000 336.744 90.00 90.00 90.00 90.00 -90.00 -90.00 -90.00 -90.00 0.500 336.212
94 1.2750 40.0 280.0000 336.743 90.00 90.00 90.00 90.00 -90.00 -90.00 -90.00 -90.00 0.500 336.210
95 1.2750 50.0 280.0000 336.743 90.00 90.00 90.00 90.00 -90.00 -90.00 -90.00 -90.00 0.500 336.209
96 1.2750 60.0 280.0000 336.742 90.00 90.00 90.00 90.00 -90.00 -90.00 -90.00 -90.00 0.500 336.208
97 1.2750 70.0 280.0000 336.742 90.00 90.00 90.00 90.00 -90.00 -90.00 -90.00 -90.00 0.500 336.207
98 1.2750 80.0 280.0000 336.742 90.00 90.00 90.00 90.00 -90.00 -90.00 -90.00 -90.00 0.500 336.207
99 1.2750 90.0 280.0000 336.742 90.00 90.00 90.00 90.00 -90.00 -90.00 -90.00 -90.00 0.500 336.207
100 1.3000 0.0 280.0000 339.936 90.00 90.00 90.00 90.00 -90.00 -90.00 -90.00 -90.00 0.500 342.883
101 1.3000 10.0 280.0000 339.905 90.00 90.00 90.00 90.00 -90.00 -90.00 -90.00 -90.00 0.500 342.817
102 1.3000 20.0 280.0000 339.900 90.00 90.00 90.00 90.00 -90.00 -90.00 -90.00 -90.00 0.500 342.807
103 1.3000 30.0 280.0000 339.899 90.00 90.00 90.00 90.00 -90.00 -90.00 -90.00 -90.00 0.500 342.805
104 1.3000 40.0 280.0000 339.898 90.00 90.00 90.00 90.00 -90.00 -90.00 -90.00 -90.00 0.500 342.803
105 1.3000 50.0 280.0000 339.897 90.00 90.00 90.00 90.00 -90.00 -90.00 -90.00 -90.00 0.500 342.801
106 1.3000 60.0 280.0000 339.897 90.00 90.00 90.00 90.00 -90.00 -90.00 -90.00 -90.00 0.500 342.800
107 1.3000 70.0 280.0000 339.896 90.00 90.00 90.00 90.00 -90.00 -90.00 -90.00 -90.00 0.500 342.800
108 1.3000 80.0 280.0000 339.896 90.00 90.00 90.00 90.00 -90.00 -90.00 -90.00 -90.00 0.500 342.799
109 1.3000 90.0 280.0000 339.896 90.00 90.00 90.00 90.00 -90.00 -90.00 -90.00 -90.00 0.500 342.799
110 1.3250 0.0 280.0000 343.091 90.00 90.00 90.00 90.00 -90.00 -90.00 -90.00 -90.00 0.500 349.477
111 1.3250 10.0 280.0000 343.059 90.00 90.00 90.00 90.00 -90.00 -90.00 -90.00 -90.00 0.500 349.410
112 1.3250 20.0 280.0000 343.054 90.00 90.00 90.00 90.00 -90.00 -90.00 -90.00 -90.00 0.500 349.400
113 1.3250 30.0 280.0000 343.053 90.00 90.00 90.00 90.00 -90.00 -90.00 -90.00 -90.00 0.500 349.397
114 1.3250 40.0 280.0000 343.052 90.00 90.00 90.00 90.00 -90.00 -90.00 -90.00 -90.00 0.500 349.395
115 1.3250 50.0 280.0000 343.051 90.00 90.00 90.00 90.00 -90.00 -90.00 -90.00 -90.00 0.500 349.394
116 1.3250 60.0 280.0000 343.051 90.00 90.00 90.00 90.00 -90.00 -90.00 -90.00 -90.00 0.500 349.393
117 1.3250 70.0 280.0000 343.051 90.00 90.00 90.00 90.00 -90.00 -90.00 -90.00 -90.00 0.500 349.392
118 1.3250 80.0 280.0000 343.050 90.00 90.00 90.00 90.00 -90.00 -90.00 -90.00 -90.00 0.500 349.392
119 1.3250 90.0 280.0000 343.050 90.00 90.00 90.00 90.00 -90.00 -90.00 -90.00 -90.00 0.500 349.392
120 1.3500 0.0 280.0000 346.246 90.00 90.00 90.00 90.00 -90.00 -90.00 -90.00 -90.00 0.500 356.070
121 1.3500 10.0 280.0000 346.213 90.00 90.00 90.00 90.00 -90.00 -90.00 -90.00 -90.00 0.500 356.002
122 1.3500 20.0 280.0000 346.208 90.00 90.00 90.00 90.00 -90.00 -90.00 -90.00 -90.00 0.500 355.992
123 1.3500 30.0 280.0000 346.207 90.00 90.00 90.00 90.00 -90.00 -90.00 -90.00 -90.00 0.500 355.989
124 1.3500 40.0 280.0000 346.206 90.00 90.00 90.00 90.00 -90.00 -90.00 -90.00 -90.00 0.500 355.987
125 1.3500 50.0 280.0000 346.205 90.00 90.00 90.00 90.00 -90.00 -90.00 -90.00 -90.00 0.500 355.986
126 1.3500 60.0 280.0000 346.205 90.00 90.00 90.00 90.00 -90.00 -90.00 -90.00 -90.00 0.500 355.985
127 1.3500 70.0 280.0000 346.205 90.00 90.00 90.00 90.00 -90.00 -90.00 -90.00 -90.00 0.500 355.984
128 1.3500 80.0 280.0000 346.205 90.00 90.00 90.00 90.00 -90.00 -90.00 -90.00 -90.00 0.500 355.984
129 1.3500 90.0 280.0000 346.205 90.00 90.00 90.00 90.00 -90.00 -90.00 -90.00 -90.00 0.500 355.984
130 1.3750 0.0 280.0000 349.401 90.00 90.00 90.00 90.00 -90.00 -90.00 -90.00 -90.00 0.500 362.664
131 1.3750 10.0 280.0000 349.368 90.00 90.00 90.00 90.00 -90.00 -90.00 -90.00 -90.00 0.500 362.595
132 1.3750 20.0 280.0000 349.363 90.00 90.00 90.00 90.00 -90.00 -90.00 -90.00 -90.00 0.500 362.585
133 1.3750 30.0 280.0000 349.361 90.00 90.00 90.00 90.00 -90.00 -90.00 -90.00 -90.00 0.500 362.582
134 1.3750 40.0 280.0000 349.360 90.00 90.00 90.00 90.00 -90.00 -90.00 -90.00 -90.00 0.500 362.580
135 1.3750 50.0 280.0000 349.360 90.00 90.00 90.00 90.00 -90.00 -90.00 -90.00 -90.00 0.500 362.578
136 1.3750 60.0 280.0000 349.359 90.00 90.00 90.00 90.00 -90.00 -90.00 -90.00 -90.00 0.500 362.577
137 1.3750 70.0 280.0000 349.359 90.00 90.00 90.00 90.00 -90.00 -90.00 -90.00 -90.00 0.500 362.577
138 1.3750 80.0 280.0000 349.359 90.00 90.00 90.00 90.00 -90.00 -90.00 -90.00 -90.00 0.500 362.576
139 1.3750 90.0 280.0000 349.359 90.00 90.00 90.00 90.00 -90.00 -90.00 -90.00 -90.00 0.500 362.576
140 1.4000 0.0 280.0000 352.556 90.00 90.00 90.00 90.00 -90.00 -90.00 -90.00 -90.00 0.500 369.258
141 1.4000 10.0 280.0000 352.522 90.00 90.00 90.00 90.00 -90.00 -90.00 -90.00 -90.00 0.500 369.188
142 1.4000 20.0 280.0000 352.517 90.00 90.00 90.00 90.00 -90.00 -90.00 -90.00 -90.00 0.500 369.177
143 1.4000 30.0 280.0000 352.516 90.00 90.00 90.00 90.00 -90.00 -90.00 -90.00 -90.00 0.500 369.174
144 1.4000 40.0 280.0000 352.515 90.00 90.00 90.00 90.00 -90.00 -90.00 -90.00 -90.00 0.500 369.172
145 1.4000 50.0 280.0000 352.514 90.00 90.00 90.00 90.00 -90.00 -90.00 -90.00 -90.00 0.500 369.171
146 1.4000 60.0 280.0000 352.514 90.00 90.00 90.00 90.00 -90.00 -90.00 -90.00 -90.00 0.500 369.170
147 1.4000 70.0 280.0000 352.513 90.00 90.00 90.00 90.00 -90.00 -90.00 -90.00 -90.00 0.500 369.169
148 1.4000 80.0 280.0000 352.513 90.00 90.00 90.00 90.00 -90.00 -90.00 -90.00 -90.00 0.500 369.169
149 1.4000 90.0 280.0000 352.513 90.00 90.00 90.00 90.00 -90.00 -90.00 -90.00 -90.00 0.500 369.169
150 1.4250 0.0 280.0000 355.711 90.00 90.00 90.00 90.00 -90.00 -90.00 -90.00 -90.00 0.500 375.852
151 1.4250 10.0 280.0000 355.676 90.00 90.00 90.00 90.00 -90.00 -90.00 -90.00 -90.00 0.500 375.780
152 1.4250 20.0 280.0000 355.671 90.00 90.00 90.00 90.00 -90.00 -90.00 -90.00 -90.00 0.500 375.769
153 1.4250 30.0 280.0000 355.670 90.00 90.00 90.00 90.00 -90.00 -90.00 -90.00 -90.00 0.500 375.766
154 1.4250 40.0 280.0000 355.669 90.00 90.00 90.00 90.00 -90.00 -90.00 -90.00 -90.00 0.500 375.764
155 1.4250 50.0 280.0000 355.668 90.00 90.00 90.00 90.00 -90.00 -90.00 -90.00 -90.00 0.500 375.763
156 1.4250 60.0 280.0000 355.668 90.00 90.00 90.00 90.00 -90.00 -90.00 -90.00 -90.00 0.500 375.762
157 1.4250 70.0 280.0000 355.667 90.00 90.00 90.00 90.00 -90.00 -90.00 -90.00 -90.00 0.500 375.761
158 1.4250 80.0 280.0000 355.667 90.00 90.00 90.00 90.00 -90.00 -90.00 -90.00 -90.00 0.500 375.761
159 1.4250 90.0 280.0000 355.667 90.00 90.00 90.00 90.00 -90.00 -90.00 -90.00 -90.00 0.500 375.761
160 1.4500 0.0 280.0000 358.866 90.00 90.00 90.00 90.00 -90.00 -90.00 -90.00 -90.00 0.500 382.446
161 1.4500 10.0 280.0000 358.831 90.00 90.00 90.00 90.00 -90.00 -90.00 -90.00 -90.00 0.500 382.373
162 1.4500 20.0 280.0000 358.826 90.00 90.00 90.00 90.00 -90.00 -90.00 -90.00 -90.00 0.500 382.362
163 1.4500 30.0 280.0000 358.824 90.00 90.00 90.00 90.00 -90.00 -90.00 -90.00 -90.00 0.500 382.359
164 1.4500 40.0 280.0000 358.823 90.00 90.00 90.00 90.00 -90.00 -90.00 -90.00 -90.00 0.500 382.357
165 1.4500 50.0 280.0000 358.822 90.00 90.00 90.00 90.00 -90.00 -90.00 -90.00 -90.00 0.500 382.355
166 1.4500 60.0 280.0000 358.822 90.00 90.00 90.00 90.00 -90.00 -90.00 -90.00 -90.00 0.500 382.354
167 1.4500 70.0 280.0000 358.822 90.00 90.00 90.00 90.00 -90.00 -90.00 -90.00 -90.00 0.500 382.354
168 1.4500 80.0 280.0000 358.821 90.00 90.00 90.00 90.00 -90.00 -90.00 -90.00 -90.00 0.500 382.353
169 1.4500 90.0 280.0000 358.821 90.00 90.00 90.00 90.00 -90.00 -90.00 -90.00 -90.00 0.500 382.353
170 1.4750 0.0 280.0000 362.021 90.00 90.00 90.00 90.00 -90.00 -90.00 -90.00 -90.00 0.500 389.040
171 1.4750 10.0 280.0000 361.985 90.00 90.00 90.00 90.00 -90.00 -90.00 -90.00 -90.00 0.500 388.966
172 1.4750 20.0 280.0000 361.980 90.00 90.00 90.00 90.00 -90.00 -90.00 -90.00 -90.00 0.500 388.954
173 1.4750 30.0 280.0000 361.978 90.00 90.00 90.00 90.00 -90.00 -90.00 -90.00 -90.00 0.500 388.951
174 1.4750 40.0 280.0000 361.977 90.00 90.00 90.00 90.00 -90.00 -90.00 -90.00 -90.00 0.500 388.949
175 1.4750 50.0 280.0000 361.977 90.00 90.00 90.00 90.00 -90.00 -90.00 -90.00 -90.00 0.500 388.948
176 1.4750 60.0 280.0000 361.976 90.00 90.00 90.00 90.00 -90.00 -90.00 -90.00 -90.00 0.500 388.947
177 1.4750 70.0 280.0000 361.976 90.00 90.00 90.00 90.00 -90.00 -90.00 -90.00 -90.00 0.500 388.946
178 1.4750 80.0 280.0000 361.976 90.00 90.00 90.00 90.00 -90.00 -90.00 -90.00 -90.00 0.500 388.946
179 1.4750 90.0 280.0000 361.976 90.00 90.00 90.00 90.00 -90.00 -90.00 -90.00 -90.00 0.500 388.946
180 1.5000 0.0 280.0000 365.176 90.00 90.00 90.00 90.00 -90.00 -90.00 -90.00 -90.00 0.500 395.634
181 1.5000 10.0 280.0000 365.140 90.00 90.00 90.00 90.00 -90.00 -90.00 -90.00 -90.00 0.500 395.558
182 1.5000 20.0 280.0000 365.134 90.00 90.00 90.00 90.00 -90.00 -90.00 -90.00 -90.00 0.500 395.547
183 1.5000 30.0 280.0000 365.133 90.00 90.00 90.00 90.00 -90.00 -90.00 -90.00 -90.00 0.500 395.544
184 1.5000 40.0 280.0000 365.132 90.00 90.00 90.00 90.00 -90.00 -90.00 -90.00 -90.00 0.500 395.541
185 1.5000 50.0 280.0000 365.131 90.00 90.00 90.00 90.00 -90.00 -90.00 -90.00 -90.00 0.500 395.540
186 1.5000 60.0 280.0000 365.130 90.00 90.00 90.00 90.00 -90.00 -90.00 -90.00 -90.00 0.500 395.539
187 1.5000 70.0 280.0000 365.130 90.00 90.00 90.00 90.00 -90.00 -90.00 -90.00 -90.00 0.500 395.538
188 1.5000 80.0 280.0000 365.130 90.00 90.00 90.00 90.00 -90.00 -90.00 -90.00 -90.00 0.500 395.538
189 1.5000 90.0 280.0000 365.130 90.00 90.00 90.00 90.00 -90.00 -90.00 -90.00 -90.00 0.500 395.538
