# Name of benchmark/experiment: Experiment 3 (bifurcation, varying S, cold start)
# Code: Shields-Bitz EBM (EBM_one_file.py, https://github.com/astrovidee/EBM), version 1.1.0
# Grid: 120 cells of equal area (evenly spaced in sin latitude). Global means are plain means over cells.
# Surfaces: separate land and ocean temperatures at each latitude; thermodynamic sea ice.
# Albedo: constant surface albedos, land 0.3, ocean 0.2, ice 0.6 (protocol Table 4), with no
#   zenith-angle term. Land and ocean take the ice value at or below -2 C. The model has no atmosphere, so
#   Asurf and ATOA are the same. Both are unweighted time means over the final orbit.
# Longwave: A + B*T with T in deg C. No CO2 term (see the Experiment 4 header for how CO2 is handled there).
# Sea ice has no heat capacity in this model (the protocol lists 1e7 J m^-2 K^-1).
# Every case starts from the prescribed warm or cold state. No case continues from another.
#   Warm start: 7.5 + 20*(1 - 2*sin(lat)^2) deg C. Cold start: 40 deg C colder, with 2 m of sea ice.
# Run length: 100 orbits of 360 steps; a case whose global mean still changed by more than
#   0.01 K over its final orbit was rerun for 400 orbits.
# Diffusion: constant D. Heat capacities: land 1e+07, ocean 4e+08 J m^-2 K^-1.
# Land: Fillet. Instellation unit: 1361 W m^-2.
# Configuration: that of Benchmark 2 (untuned), so that Experiments 1 to 4 describe one model. Protocol v1.0 words
#   Experiments 3 and 4 as starting from Benchmark 1.
# Convergence: largest change in Tglob over the final orbit 4.8e-03 K; largest north-south difference in annual-mean temperature 1.6e-03 K; 1 of 57 cases rerun for longer.
# Describe how ice line latitude is determined: from the model's own ice. Sea: sea ice thickness above zero
#   for at least half of the final orbit. Land: land temperature at or below -2 C, where the land albedo
#   switches to ice, for at least half of the final orbit. Edges lie on the boundaries between cells.
# Ice-free convention: NMax = NMin = 90 and SMax = SMin = -90.
#
# Columns: Inst (S_earth), Obl (deg), XCO2 (ppm), Tglob (K), ice edges (deg), Diff (W m^-2 K^-1), OLRglob (W m^-2)
# Case Inst Obl XCO2 Tglob IceLineNMaxLand IceLineNMinLand IceLineNMaxSea IceLineNMinSea IceLineSMaxLand IceLineSMinLand IceLineSMaxSea IceLineSMinSea Diff OLRglob
0 0.8000 23.5 280.0000 228.927 90.00 0.00 90.00 0.00 0.00 -90.00 0.00 -90.00 0.500 110.874
1 0.8125 23.5 280.0000 229.732 90.00 0.00 90.00 0.00 0.00 -90.00 0.00 -90.00 0.500 112.556
2 0.8250 23.5 280.0000 230.536 90.00 0.00 90.00 0.00 0.00 -90.00 0.00 -90.00 0.500 114.238
3 0.8375 23.5 280.0000 231.341 90.00 0.00 90.00 0.00 0.00 -90.00 0.00 -90.00 0.500 115.919
4 0.8500 23.5 280.0000 232.146 90.00 0.00 90.00 0.00 0.00 -90.00 0.00 -90.00 0.500 117.601
5 0.8625 23.5 280.0000 232.950 90.00 0.00 90.00 0.00 0.00 -90.00 0.00 -90.00 0.500 119.282
6 0.8750 23.5 280.0000 233.754 90.00 0.00 90.00 0.00 0.00 -90.00 0.00 -90.00 0.500 120.963
7 0.8875 23.5 280.0000 234.559 90.00 0.00 90.00 0.00 0.00 -90.00 0.00 -90.00 0.500 122.644
8 0.9000 23.5 280.0000 235.363 90.00 0.00 90.00 0.00 0.00 -90.00 0.00 -90.00 0.500 124.324
9 0.9125 23.5 280.0000 236.167 90.00 0.00 90.00 0.00 0.00 -90.00 0.00 -90.00 0.500 126.005
10 0.9250 23.5 280.0000 236.970 90.00 0.00 90.00 0.00 0.00 -90.00 0.00 -90.00 0.500 127.685
11 0.9375 23.5 280.0000 237.774 90.00 0.00 90.00 0.00 0.00 -90.00 0.00 -90.00 0.500 129.365
12 0.9500 23.5 280.0000 238.578 90.00 0.00 90.00 0.00 0.00 -90.00 0.00 -90.00 0.500 131.044
13 0.9625 23.5 280.0000 239.381 90.00 0.00 90.00 0.00 0.00 -90.00 0.00 -90.00 0.500 132.723
14 0.9750 23.5 280.0000 240.185 90.00 0.00 90.00 0.00 0.00 -90.00 0.00 -90.00 0.500 134.402
15 0.9875 23.5 280.0000 240.988 90.00 0.00 90.00 0.00 0.00 -90.00 0.00 -90.00 0.500 136.081
16 1.0000 23.5 280.0000 241.791 90.00 0.00 90.00 0.00 0.00 -90.00 0.00 -90.00 0.500 137.759
17 1.0125 23.5 280.0000 242.594 90.00 0.00 90.00 0.00 0.00 -90.00 0.00 -90.00 0.500 139.437
18 1.0250 23.5 280.0000 243.396 90.00 0.00 90.00 0.00 0.00 -90.00 0.00 -90.00 0.500 141.115
19 1.0375 23.5 280.0000 244.199 90.00 0.00 90.00 0.00 0.00 -90.00 0.00 -90.00 0.500 142.792
20 1.0500 23.5 280.0000 244.995 90.00 0.00 90.00 0.00 0.00 -90.00 0.00 -90.00 0.500 144.456
21 1.0625 23.5 280.0000 246.801 90.00 0.00 90.00 0.00 0.00 -90.00 0.00 -90.00 0.500 148.231
22 1.0750 23.5 280.0000 248.068 90.00 0.00 90.00 0.00 0.00 -90.00 0.00 -90.00 0.500 150.879
23 1.0875 23.5 280.0000 249.319 90.00 0.00 90.00 0.00 0.00 -90.00 0.00 -90.00 0.500 153.494
24 1.1000 23.5 280.0000 250.564 90.00 0.00 90.00 0.00 0.00 -90.00 0.00 -90.00 0.500 156.096
25 1.1125 23.5 280.0000 251.832 90.00 0.00 90.00 0.00 0.00 -90.00 0.00 -90.00 0.500 158.745
26 1.1250 23.5 280.0000 253.120 90.00 0.00 90.00 0.00 0.00 -90.00 0.00 -90.00 0.500 161.437
27 1.1375 23.5 280.0000 254.519 90.00 0.00 90.00 0.00 0.00 -90.00 0.00 -90.00 0.500 164.360
28 1.1500 23.5 280.0000 256.092 90.00 0.00 90.00 0.00 0.00 -90.00 0.00 -90.00 0.500 167.649
29 1.1625 23.5 280.0000 260.070 90.00 18.46 90.00 0.00 -18.46 -90.00 0.00 -90.00 0.500 175.963
30 1.1750 23.5 280.0000 261.740 90.00 23.58 90.00 0.00 -23.58 -90.00 0.00 -90.00 0.500 179.454
31 1.1875 23.5 280.0000 325.705 90.00 90.00 90.00 90.00 -90.00 -90.00 -90.00 -90.00 0.500 313.140
32 1.2000 23.5 280.0000 327.282 90.00 90.00 90.00 90.00 -90.00 -90.00 -90.00 -90.00 0.500 316.437
33 1.2125 23.5 280.0000 328.860 90.00 90.00 90.00 90.00 -90.00 -90.00 -90.00 -90.00 0.500 319.733
34 1.2250 23.5 280.0000 330.437 90.00 90.00 90.00 90.00 -90.00 -90.00 -90.00 -90.00 0.500 323.029
35 1.2375 23.5 280.0000 332.014 90.00 90.00 90.00 90.00 -90.00 -90.00 -90.00 -90.00 0.500 326.325
36 1.2500 23.5 280.0000 333.591 90.00 90.00 90.00 90.00 -90.00 -90.00 -90.00 -90.00 0.500 329.622
37 1.2625 23.5 280.0000 335.168 90.00 90.00 90.00 90.00 -90.00 -90.00 -90.00 -90.00 0.500 332.918
38 1.2750 23.5 280.0000 336.745 90.00 90.00 90.00 90.00 -90.00 -90.00 -90.00 -90.00 0.500 336.214
39 1.2875 23.5 280.0000 338.322 90.00 90.00 90.00 90.00 -90.00 -90.00 -90.00 -90.00 0.500 339.510
40 1.3000 23.5 280.0000 339.899 90.00 90.00 90.00 90.00 -90.00 -90.00 -90.00 -90.00 0.500 342.806
41 1.3125 23.5 280.0000 341.477 90.00 90.00 90.00 90.00 -90.00 -90.00 -90.00 -90.00 0.500 346.103
42 1.3250 23.5 280.0000 343.054 90.00 90.00 90.00 90.00 -90.00 -90.00 -90.00 -90.00 0.500 349.399
43 1.3375 23.5 280.0000 344.631 90.00 90.00 90.00 90.00 -90.00 -90.00 -90.00 -90.00 0.500 352.695
44 1.3500 23.5 280.0000 346.208 90.00 90.00 90.00 90.00 -90.00 -90.00 -90.00 -90.00 0.500 355.991
45 1.3625 23.5 280.0000 347.785 90.00 90.00 90.00 90.00 -90.00 -90.00 -90.00 -90.00 0.500 359.288
46 1.3750 23.5 280.0000 349.362 90.00 90.00 90.00 90.00 -90.00 -90.00 -90.00 -90.00 0.500 362.584
47 1.3875 23.5 280.0000 350.939 90.00 90.00 90.00 90.00 -90.00 -90.00 -90.00 -90.00 0.500 365.880
48 1.4000 23.5 280.0000 352.517 90.00 90.00 90.00 90.00 -90.00 -90.00 -90.00 -90.00 0.500 369.176
49 1.4125 23.5 280.0000 354.094 90.00 90.00 90.00 90.00 -90.00 -90.00 -90.00 -90.00 0.500 372.472
50 1.4250 23.5 280.0000 355.671 90.00 90.00 90.00 90.00 -90.00 -90.00 -90.00 -90.00 0.500 375.769
51 1.4375 23.5 280.0000 357.248 90.00 90.00 90.00 90.00 -90.00 -90.00 -90.00 -90.00 0.500 379.065
52 1.4500 23.5 280.0000 358.825 90.00 90.00 90.00 90.00 -90.00 -90.00 -90.00 -90.00 0.500 382.361
53 1.4625 23.5 280.0000 360.402 90.00 90.00 90.00 90.00 -90.00 -90.00 -90.00 -90.00 0.500 385.657
54 1.4750 23.5 280.0000 361.979 90.00 90.00 90.00 90.00 -90.00 -90.00 -90.00 -90.00 0.500 388.953
55 1.4875 23.5 280.0000 363.557 90.00 90.00 90.00 90.00 -90.00 -90.00 -90.00 -90.00 0.500 392.250
56 1.5000 23.5 280.0000 365.134 90.00 90.00 90.00 90.00 -90.00 -90.00 -90.00 -90.00 0.500 395.546
