# Name of benchmark/experiment: Benchmark 1 (pre-industrial Earth, tuned)
# Code: Shields-Bitz EBM, version 1.1.0
# Case number: 0
# Instellation (S_earth): 1.0000
# XCO2 (ppm): 280.0
# Obliquity (degrees): 23.5
# Cells have equal area. Asurf and ATOA are the same (no atmosphere) and are unweighted time means.
#
# Columns of data (annually averaged for last orbit)
# Lat Tsurf Asurf ATOA OLR
 -82.598  256.195 0.5159 0.5159  164.847
 -77.161  257.714 0.5135 0.5135  168.023
 -73.402  259.237 0.5116 0.5116  171.206
 -70.333  260.765 0.5099 0.5099  174.399
 -67.668  262.297 0.5082 0.5082  177.601
 -65.276  263.834 0.5066 0.5066  180.813
 -63.083  265.373 0.5050 0.5050  184.030
 -61.045  266.917 0.5026 0.5026  187.257
 -59.130  268.409 0.4988 0.4988  190.374
 -57.317  269.919 0.4920 0.4920  193.531
 -55.588  271.543 0.4820 0.4820  196.924
 -53.933  273.260 0.4682 0.4682  200.514
 -52.342  275.044 0.4489 0.4489  204.242
 -50.805  276.829 0.4175 0.4175  207.973
 -49.317  278.484 0.3876 0.3876  211.432
 -47.874  280.091 0.3728 0.3728  214.791
 -46.469  281.658 0.3587 0.3587  218.066
 -45.099  283.180 0.3443 0.3443  221.246
 -43.762  284.651 0.3301 0.3301  224.322
 -42.454  286.069 0.3163 0.3163  227.284
 -41.173  287.430 0.3028 0.3028  230.129
 -39.916  288.727 0.2904 0.2904  232.839
 -38.682  289.875 0.2891 0.2891  235.240
 -37.469  290.979 0.2878 0.2878  237.546
 -36.275  292.038 0.2865 0.2865  239.760
 -35.100  293.051 0.2853 0.2853  241.877
 -33.941  294.009 0.2842 0.2842  243.878
 -32.797  294.893 0.2831 0.2831  245.727
 -31.668  295.678 0.2820 0.2820  247.368
 -30.553  296.341 0.2810 0.2810  248.753
 -29.450  296.872 0.2801 0.2801  249.862
 -28.359  297.281 0.2791 0.2791  250.717
 -27.280  297.591 0.2783 0.2783  251.365
 -26.210  297.826 0.2775 0.2775  251.856
 -25.151  298.006 0.2767 0.2767  252.233
 -24.100  298.147 0.2760 0.2760  252.528
 -23.058  298.261 0.2753 0.2753  252.765
 -22.024  298.353 0.2747 0.2747  252.958
 -20.998  298.431 0.2741 0.2741  253.120
 -19.978  298.496 0.2736 0.2736  253.257
 -18.966  298.553 0.2731 0.2731  253.375
 -17.959  298.602 0.2727 0.2727  253.478
 -16.958  298.645 0.2724 0.2724  253.568
 -15.962  298.683 0.2721 0.2721  253.647
 -14.971  298.716 0.2718 0.2718  253.717
 -13.985  298.745 0.2716 0.2716  253.778
 -13.003  298.771 0.2715 0.2715  253.831
 -12.025  298.793 0.2714 0.2714  253.877
 -11.050  298.811 0.2713 0.2713  253.915
 -10.079  298.826 0.2714 0.2714  253.947
  -9.110  298.838 0.2714 0.2714  253.971
  -8.144  298.846 0.2716 0.2716  253.989
  -7.181  298.852 0.2717 0.2717  254.000
  -6.219  298.854 0.2720 0.2720  254.005
  -5.259  298.853 0.2723 0.2723  254.003
  -4.301  298.849 0.2726 0.2726  253.994
  -3.344  298.842 0.2730 0.2730  253.979
  -2.388  298.831 0.2735 0.2735  253.957
  -1.433  298.817 0.2740 0.2740  253.928
  -0.477  298.801 0.2745 0.2745  253.893
   0.477  298.781 0.2752 0.2752  253.852
   1.433  298.758 0.2758 0.2758  253.804
   2.388  298.732 0.2766 0.2766  253.749
   3.344  298.702 0.2774 0.2774  253.688
   4.301  298.670 0.2782 0.2782  253.621
   5.259  298.635 0.2791 0.2791  253.547
   6.219  298.597 0.2801 0.2801  253.467
   7.181  298.555 0.2811 0.2811  253.380
   8.144  298.511 0.2822 0.2822  253.288
   9.110  298.463 0.2833 0.2833  253.188
  10.079  298.413 0.2845 0.2845  253.083
  11.050  298.359 0.2857 0.2857  252.971
  12.025  298.302 0.2870 0.2870  252.852
  13.003  298.242 0.2884 0.2884  252.726
  13.985  298.179 0.2898 0.2898  252.594
  14.971  298.111 0.2913 0.2913  252.453
  15.962  298.040 0.2929 0.2929  252.304
  16.958  297.964 0.2945 0.2945  252.145
  17.959  297.883 0.2961 0.2961  251.976
  18.966  297.795 0.2978 0.2978  251.792
  19.978  297.700 0.2996 0.2996  251.593
  20.998  297.589 0.3018 0.3018  251.360
  22.024  297.465 0.3040 0.3040  251.101
  23.058  297.324 0.3063 0.3063  250.807
  24.100  297.160 0.3087 0.3087  250.465
  25.151  296.967 0.3111 0.3111  250.060
  26.210  296.731 0.3136 0.3136  249.567
  27.280  296.436 0.3162 0.3162  248.952
  28.359  296.062 0.3188 0.3188  248.171
  29.450  295.585 0.3215 0.3215  247.172
  30.553  294.982 0.3242 0.3242  245.912
  31.668  294.246 0.3271 0.3271  244.375
  32.797  293.391 0.3300 0.3300  242.587
  33.941  292.444 0.3329 0.3329  240.609
  35.100  291.436 0.3360 0.3360  238.500
  36.275  290.384 0.3391 0.3391  236.303
  37.469  289.301 0.3423 0.3423  234.039
  38.682  288.189 0.3455 0.3455  231.715
  39.916  287.050 0.3489 0.3489  229.334
  41.173  285.882 0.3523 0.3523  226.893
  42.454  284.685 0.3558 0.3558  224.391
  43.762  283.457 0.3594 0.3594  221.826
  45.099  282.198 0.3626 0.3626  219.194
  46.469  280.905 0.3661 0.3661  216.492
  47.874  279.578 0.3697 0.3697  213.717
  49.317  278.213 0.3733 0.3733  210.865
  50.805  276.809 0.3771 0.3771  207.931
  52.342  275.293 0.4103 0.4103  204.762
  53.933  273.629 0.4335 0.4335  201.285
  55.588  271.906 0.4517 0.4517  197.684
  57.317  270.138 0.4682 0.4682  193.988
  59.130  268.350 0.4850 0.4850  190.251
  61.045  266.670 0.5085 0.5085  186.740
  63.083  265.205 0.5092 0.5092  183.678
  65.276  263.695 0.5098 0.5098  180.523
  67.668  262.169 0.5106 0.5106  177.333
  70.333  260.648 0.5113 0.5113  174.154
  73.402  259.102 0.5123 0.5123  170.924
  77.161  257.556 0.5133 0.5133  167.691
  82.598  255.997 0.5144 0.5144  164.433
